Y (ang)	Ec (eV)	Ev (eV)	E (V/cm)	Ef (eV)	n (cm-3)	p (cm-3)	Nd - Na (cm-3)
 0.000000e+00	 1.68749509e-02	-3.37612505e+00	-4.20022576e+03	-0.00000000e+00	 1.0000e+18	 6.2639e-38	 1.0000e+18
 1.000000e+01	 1.64549283e-02	-3.37654507e+00	-4.46961552e+03	-0.00000000e+00	 1.0141e+18	 6.1629e-38	 1.0000e+18
 2.000000e+01	 1.60079668e-02	-3.37699203e+00	-5.02928150e+03	-0.00000000e+00	 1.0294e+18	 6.0573e-38	 1.0000e+18
 3.000000e+01	 1.55050386e-02	-3.37749496e+00	-5.92005973e+03	-0.00000000e+00	 1.0468e+18	 5.9406e-38	 1.0000e+18
 4.000000e+01	 1.49130327e-02	-3.37808697e+00	-7.20674837e+03	-0.00000000e+00	 1.0676e+18	 5.8061e-38	 1.0000e+18
 5.000000e+01	 1.41923578e-02	-3.37880764e+00	-8.98447950e+03	-0.00000000e+00	 1.0933e+18	 5.6465e-38	 1.0000e+18
 6.000000e+01	 1.32939099e-02	-3.37970609e+00	-1.13885447e+04	-0.00000000e+00	 1.1262e+18	 5.4536e-38	 1.0000e+18
 7.000000e+01	 1.21550554e-02	-3.38084494e+00	-1.46095147e+04	-0.00000000e+00	 1.1691e+18	 5.2186e-38	 1.0000e+18
 8.000000e+01	 1.06941039e-02	-3.38230590e+00	-1.89168388e+04	-0.00000000e+00	 1.2261e+18	 4.9318e-38	 1.0000e+18
 9.000000e+01	 8.80242006e-03	-3.38419758e+00	-2.46966199e+04	-0.00000000e+00	 1.3034e+18	 4.5838e-38	 1.0000e+18
 1.000000e+02	 6.33275807e-03	-3.38666724e+00	-3.25141350e+04	-0.00000000e+00	 1.4104e+18	 4.1662e-38	 1.0000e+18
 1.100000e+02	 3.08134457e-03	-3.38991866e+00	-4.32215527e+04	-0.00000000e+00	 1.5621e+18	 3.6738e-38	 1.0000e+18
 1.200000e+02	-1.24081069e-03	-3.39424081e+00	-5.81522235e+04	-0.00000000e+00	 1.7839e+18	 3.1082e-38	 1.0000e+18
 1.300000e+02	-7.05603305e-03	-3.40005603e+00	-7.94892253e+04	-0.00000000e+00	 2.1202e+18	 2.4821e-38	 1.0000e+18
 1.400000e+02	-1.50049556e-02	-3.40800496e+00	-1.11002280e+05	-0.00000000e+00	 2.6544e+18	 1.8251e-38	 1.0000e+18
 1.500000e+02	-2.61051836e-02	-3.41910518e+00	-1.59598254e+05	-0.00000000e+00	 3.5513e+18	 1.1880e-38	 1.0000e+18
 1.600000e+02	-4.20650090e-02	-3.43506501e+00	-2.38729277e+05	-0.00000000e+00	 5.1544e+18	 6.4076e-39	 1.0000e+18
 1.700000e+02	-6.59379367e-02	-3.45893794e+00	-3.76176657e+05	-0.00000000e+00	 8.2160e+18	 2.5448e-39	 1.0000e+18
 1.800000e+02	-1.03555602e-01	-3.49655560e+00	-6.33027029e+05	-0.00000000e+00	 1.4485e+19	 5.9388e-40	 1.0000e+18
 1.900000e+02	-1.66858305e-01	-3.55985831e+00	-1.15735662e+06	-0.00000000e+00	 2.8527e+19	 5.1317e-41	 1.0000e+18
 2.000000e+02	-1.01059397e+00	-3.37059397e+00	 3.57432243e+06	 0.00000000e+00	 1.4605e+20	 7.7582e-38	 3.9446e+20
 2.100000e+02	-6.53161725e-01	-3.01316173e+00	 2.14619459e+06	 0.00000000e+00	 7.5977e+19	 7.8408e-32	 1.0000e+18
 2.200000e+02	-4.38542266e-01	-2.79854227e+00	 1.36709813e+06	 0.00000000e+00	 4.1903e+19	 3.1609e-28	 1.0000e+18
 2.300000e+02	-3.01832453e-01	-2.66183245e+00	 9.28132955e+05	 0.00000000e+00	 2.4046e+19	 6.2580e-26	 1.0000e+18
 2.400000e+02	-2.09019158e-01	-2.56901916e+00	 6.80533010e+05	 0.00000000e+00	 1.3999e+19	 2.2679e-24	 1.0000e+18
 2.500000e+02	-1.40965857e-01	-2.50096586e+00	 5.49552083e+05	 0.00000000e+00	 7.8765e+18	 3.1541e-23	 1.0000e+18
 2.600000e+02	-8.60106485e-02	-2.44601065e+00	 4.92133148e+05	 0.00000000e+00	 4.0145e+18	 2.6429e-22	 1.0000e+18
 2.700000e+02	-3.67973337e-02	-2.39679733e+00	 4.80306225e+05	 0.00000000e+00	 1.6209e+18	 1.7735e-21	 1.0000e+18
 2.800000e+02	 1.12332888e-02	-2.34876671e+00	 4.91240137e+05	 0.00000000e+00	 4.2597e+17	 1.1369e-20	 1.0000e+18
 2.900000e+02	 6.03573025e-02	-2.29964270e+00	 5.08870986e+05	 0.00000000e+00	 7.4377e+16	 7.6025e-20	 1.0000e+18
 3.000000e+02	 1.11244401e-01	-2.24875560e+00	 5.27714062e+05	 0.00000000e+00	 1.0735e+16	 5.4428e-19	 1.0000e+18
 3.100000e+02	 1.64015807e-01	-2.19598419e+00	 5.46735067e+05	 0.00000000e+00	 1.3941e+15	 4.1913e-18	 1.0000e+18
 3.200000e+02	 2.18689314e-01	-2.14131069e+00	 5.65779424e+05	 0.00000000e+00	 1.6820e+14	 3.4739e-17	 1.0000e+18
 3.300000e+02	 2.75267256e-01	-2.08473274e+00	 5.84826625e+05	 0.00000000e+00	 1.8852e+13	 3.0995e-16	 1.0000e+18
 3.400000e+02	 3.33749919e-01	-2.02625008e+00	 6.03874148e+05	 0.00000000e+00	 1.9629e+12	 2.9768e-15	 1.0000e+18
 3.500000e+02	 3.94137334e-01	-1.96586267e+00	 6.22921704e+05	 0.00000000e+00	 1.8986e+11	 3.0776e-14	 1.0000e+18
 3.600000e+02	 4.56429504e-01	-1.90357050e+00	 6.41969264e+05	 0.00000000e+00	 1.7059e+10	 3.4252e-13	 1.0000e+18
 3.700000e+02	 5.20626431e-01	-1.83937357e+00	 6.61016824e+05	 0.00000000e+00	 1.4240e+09	 4.1034e-12	 1.0000e+18
 3.800000e+02	 5.86728113e-01	-1.77327189e+00	 6.80064384e+05	 0.00000000e+00	 1.1042e+08	 5.2918e-11	 1.0000e+18
 3.900000e+02	 6.54734551e-01	-1.70526545e+00	 6.99111945e+05	 0.00000000e+00	 7.9540e+06	 7.3462e-10	 1.0000e+18
 4.000000e+02	 7.24645746e-01	-1.63535425e+00	 7.18159505e+05	 0.00000000e+00	 5.3226e+05	 1.0978e-08	 1.0000e+18
 4.100000e+02	 7.96461696e-01	-1.56353830e+00	 7.37207065e+05	 0.00000000e+00	 3.3088e+04	 1.7659e-07	 1.0000e+18
 4.200000e+02	 8.70182403e-01	-1.48981760e+00	 7.56254625e+05	 0.00000000e+00	 1.9108e+03	 3.0579e-06	 1.0000e+18
 4.300000e+02	 9.45807865e-01	-1.41419213e+00	 7.75302185e+05	 0.00000000e+00	 1.0251e+02	 5.7001e-05	 1.0000e+18
 4.400000e+02	 1.02333808e+00	-1.33666192e+00	 7.94349745e+05	 0.00000000e+00	 5.1087e+00	 1.1437e-03	 1.0000e+18
 4.500000e+02	 1.10277306e+00	-1.25722694e+00	 8.13397306e+05	 0.00000000e+00	 2.3652e-01	 2.4705e-02	 1.0000e+18
 4.600000e+02	 1.18411279e+00	-1.17588721e+00	 8.32444866e+05	 0.00000000e+00	 1.0172e-02	 5.7442e-01	 1.0000e+18
 4.700000e+02	 1.26735728e+00	-1.09264272e+00	 8.51492426e+05	 0.00000000e+00	 4.0642e-04	 1.4377e+01	 1.0000e+18
 4.800000e+02	 1.35250652e+00	-1.00749348e+00	 8.70539986e+05	 0.00000000e+00	 1.5084e-05	 3.8736e+02	 1.0000e+18
 4.900000e+02	 1.43956052e+00	-9.20439483e-01	 8.89587546e+05	 0.00000000e+00	 5.2009e-07	 1.1235e+04	 1.0000e+18
 5.000000e+02	 1.52851927e+00	-8.31480729e-01	 9.08635106e+05	 0.00000000e+00	 1.6659e-08	 3.5076e+05	 1.0000e+18
 5.100000e+02	 1.61938278e+00	-7.40617218e-01	 9.27682667e+05	 0.00000000e+00	 4.9568e-10	 1.1788e+07	 1.0000e+18
 5.200000e+02	 1.71215105e+00	-6.47848951e-01	 9.46730227e+05	 0.00000000e+00	 1.3701e-11	 4.2647e+08	 1.0000e+18
 5.300000e+02	 1.80682407e+00	-5.53175929e-01	 9.65777787e+05	 0.00000000e+00	 3.5182e-13	 1.6608e+10	 1.0000e+18
 5.400000e+02	 1.90340185e+00	-4.56598150e-01	 9.84825361e+05	 0.00000000e+00	 8.3924e-15	 6.9624e+11	 1.0000e+18
 5.500000e+02	 2.00188439e+00	-3.58115614e-01	 1.00387352e+06	 0.00000000e+00	 1.8597e-16	 3.1419e+13	 1.0000e+18
 5.600000e+02	 2.10227174e+00	-2.57728262e-01	 1.02295015e+06	 0.00000000e+00	 3.8284e-18	 1.5263e+15	 1.0000e+18
 5.700000e+02	 2.20456675e+00	-1.55433247e-01	 1.04351806e+06	 0.00000000e+00	 7.3204e-20	 7.9819e+16	 1.0000e+18
 5.800000e+02	 2.30891856e+00	-5.10814410e-02	 1.14476257e+06	 0.00000000e+00	 1.2927e-21	 4.3154e+18	 1.0000e+18
 5.900000e+02	 2.42339482e+00	 6.33948162e-02	 3.33652603e+06	 0.00000000e+00	 1.5431e-23	 1.1407e+20	 1.0000e+18
 6.000000e+02	 3.48504742e+00	 9.20474193e-02	-8.25029515e+05	 0.00000000e+00	 6.3819e-41	 1.7998e+20	-3.9846e+20
 6.100000e+02	 3.40254447e+00	 9.54446785e-03	-2.90080080e+05	 0.00000000e+00	 1.5522e-39	 3.3085e+19	-5.0000e+18
 6.200000e+02	 3.37353646e+00	-1.94635402e-02	-1.31760678e+05	 0.00000000e+00	 4.7671e-39	 1.3312e+19	-5.0000e+18
 6.300000e+02	 3.36036039e+00	-3.26396080e-02	-6.64906986e+04	 0.00000000e+00	 7.9360e-39	 8.4267e+18	-5.0000e+18
 6.400000e+02	 3.35371132e+00	-3.92886778e-02	-3.52203291e+04	 0.00000000e+00	 1.0264e-38	 6.6417e+18	-5.0000e+18
 6.500000e+02	 3.35018929e+00	-4.28107108e-02	-1.91150635e+04	 0.00000000e+00	 1.1762e-38	 5.8455e+18	-5.0000e+18
 6.600000e+02	 3.34827778e+00	-4.47222171e-02	-1.05076094e+04	 0.00000000e+00	 1.2664e-38	 5.4519e+18	-5.0000e+18
 6.700000e+02	 3.34722702e+00	-4.57729780e-02	-5.81602516e+03	 0.00000000e+00	 1.3190e-38	 5.2463e+18	-5.0000e+18
 6.800000e+02	 3.34664542e+00	-4.63545806e-02	-3.23138773e+03	 0.00000000e+00	 1.3490e-38	 5.1357e+18	-5.0000e+18
 6.900000e+02	 3.34632228e+00	-4.66777193e-02	-1.79910851e+03	 0.00000000e+00	 1.3659e-38	 5.0752e+18	-5.0000e+18
 7.000000e+02	 3.34614237e+00	-4.68576302e-02	-1.00282598e+03	 0.00000000e+00	 1.3755e-38	 5.0418e+18	-5.0000e+18
 7.100000e+02	 3.34604209e+00	-4.69579128e-02	-5.59324094e+02	 0.00000000e+00	 1.3808e-38	 5.0233e+18	-5.0000e+18
 7.200000e+02	 3.34598615e+00	-4.70138452e-02	-3.12050369e+02	 0.00000000e+00	 1.3838e-38	 5.0130e+18	-5.0000e+18
 7.300000e+02	 3.34595495e+00	-4.70450502e-02	-1.74087526e+02	 0.00000000e+00	 1.3855e-38	 5.0072e+18	-5.0000e+18
 7.400000e+02	 3.34593754e+00	-4.70624590e-02	-9.70557239e+01	 0.00000000e+00	 1.3864e-38	 5.0040e+18	-5.0000e+18
 7.500000e+02	 3.34592784e+00	-4.70721645e-02	-5.39776123e+01	 0.00000000e+00	 1.3869e-38	 5.0023e+18	-5.0000e+18
 7.600000e+02	 3.34592244e+00	-4.70775623e-02	-2.97779030e+01	 0.00000000e+00	 1.3872e-38	 5.0013e+18	-5.0000e+18
 7.700000e+02	 3.34591946e+00	-4.70805401e-02	-1.59913482e+01	 0.00000000e+00	 1.3874e-38	 5.0007e+18	-5.0000e+18
 7.800000e+02	 3.34591786e+00	-4.70821392e-02	-7.79642633e+00	 0.00000000e+00	 1.3875e-38	 5.0004e+18	-5.0000e+18
 7.900000e+02	 3.34591708e+00	-4.70829189e-02	-2.32753776e+00	 0.00000000e+00	 1.3875e-38	 5.0003e+18	-5.0000e+18
 8.000000e+02	 3.34591685e+00	-4.70831516e-02	-2.32753776e+00	 0.00000000e+00	 1.3875e-38	 5.0002e+18	-5.0000e+18
