Y (ang)	Ec (eV)	Ev (eV)	E (V/cm)	Ef (eV)	n (cm-3)	p (cm-3)	Nd - Na (cm-3)
 0.000000e+00	 1.20000000e+00	-2.76000000e+00	-6.63842191e+05	-0.00000000e+00	 1.5562e-02	 1.4038e-27	 1.0000e+15
 1.000000e+00	 1.19336158e+00	-2.76663842e+00	-6.63840245e+05	 0.00000000e+00	 2.0118e-02	 1.0859e-27	 1.0000e+15
 2.000000e+00	 1.18672318e+00	-2.77327682e+00	-6.63838299e+05	 0.00000000e+00	 2.6008e-02	 8.3994e-28	 1.0000e+15
 3.000000e+00	 1.18008479e+00	-2.77991521e+00	-6.63836354e+05	 0.00000000e+00	 3.3623e-02	 6.4973e-28	 1.0000e+15
 4.000000e+00	 1.17344643e+00	-2.78655357e+00	-6.63834408e+05	 0.00000000e+00	 4.3466e-02	 5.0259e-28	 1.0000e+15
 5.000000e+00	 1.16680809e+00	-2.79319191e+00	-6.63832462e+05	 0.00000000e+00	 5.6191e-02	 3.8877e-28	 1.0000e+15
 6.000000e+00	 1.16016976e+00	-2.79983024e+00	-6.63830516e+05	 0.00000000e+00	 7.2642e-02	 3.0073e-28	 1.0000e+15
 7.000000e+00	 1.15353146e+00	-2.80646854e+00	-6.63828571e+05	 0.00000000e+00	 9.3909e-02	 2.3262e-28	 1.0000e+15
 8.000000e+00	 1.14689317e+00	-2.81310683e+00	-6.63826625e+05	 0.00000000e+00	 1.2140e-01	 1.7994e-28	 1.0000e+15
 9.000000e+00	 1.14025490e+00	-2.81974510e+00	-6.63824679e+05	 0.00000000e+00	 1.5694e-01	 1.3919e-28	 1.0000e+15
 1.000000e+01	 1.13361666e+00	-2.82638334e+00	-6.63822733e+05	 0.00000000e+00	 2.0289e-01	 1.0767e-28	 1.0000e+15
 1.100000e+01	 1.12697843e+00	-2.83302157e+00	-6.63820788e+05	 0.00000000e+00	 2.6229e-01	 8.3288e-29	 1.0000e+15
 1.200000e+01	 1.12034022e+00	-2.83965978e+00	-6.63818842e+05	 0.00000000e+00	 3.3908e-01	 6.4427e-29	 1.0000e+15
 1.300000e+01	 1.11370203e+00	-2.84629797e+00	-6.63816896e+05	 0.00000000e+00	 4.3834e-01	 4.9837e-29	 1.0000e+15
 1.400000e+01	 1.10706386e+00	-2.85293614e+00	-6.63814951e+05	 0.00000000e+00	 5.6667e-01	 3.8551e-29	 1.0000e+15
 1.500000e+01	 1.10042571e+00	-2.85957429e+00	-6.63813005e+05	 0.00000000e+00	 7.3256e-01	 2.9821e-29	 1.0000e+15
 1.600000e+01	 1.09378758e+00	-2.86621242e+00	-6.63811059e+05	 0.00000000e+00	 9.4702e-01	 2.3067e-29	 1.0000e+15
 1.700000e+01	 1.08714947e+00	-2.87285053e+00	-6.63809113e+05	 0.00000000e+00	 1.2243e+00	 1.7844e-29	 1.0000e+15
 1.800000e+01	 1.08051138e+00	-2.87948862e+00	-6.63807168e+05	 0.00000000e+00	 1.5827e+00	 1.3803e-29	 1.0000e+15
 1.900000e+01	 1.07387331e+00	-2.88612669e+00	-6.63805222e+05	 0.00000000e+00	 2.0460e+00	 1.0677e-29	 1.0000e+15
 2.000000e+01	 1.06723526e+00	-2.89276474e+00	-6.63803276e+05	 0.00000000e+00	 2.6450e+00	 8.2593e-30	 1.0000e+15
 2.100000e+01	 1.06059723e+00	-2.89940277e+00	-6.63801331e+05	 0.00000000e+00	 3.4193e+00	 6.3889e-30	 1.0000e+15
 2.200000e+01	 1.05395921e+00	-2.90604079e+00	-6.63799385e+05	 0.00000000e+00	 4.4203e+00	 4.9421e-30	 1.0000e+15
 2.300000e+01	 1.04732122e+00	-2.91267878e+00	-6.63797439e+05	 0.00000000e+00	 5.7143e+00	 3.8230e-30	 1.0000e+15
 2.400000e+01	 1.04068324e+00	-2.91931676e+00	-6.63795493e+05	 0.00000000e+00	 7.3871e+00	 2.9572e-30	 1.0000e+15
 2.500000e+01	 1.03404529e+00	-2.92595471e+00	-6.63793548e+05	 0.00000000e+00	 9.5497e+00	 2.2876e-30	 1.0000e+15
 2.600000e+01	 1.02740735e+00	-2.93259265e+00	-6.63791602e+05	 0.00000000e+00	 1.2345e+01	 1.7695e-30	 1.0000e+15
 2.700000e+01	 1.02076944e+00	-2.93923056e+00	-6.63789656e+05	 0.00000000e+00	 1.5959e+01	 1.3688e-30	 1.0000e+15
 2.800000e+01	 1.01413154e+00	-2.94586846e+00	-6.63787711e+05	 0.00000000e+00	 2.0631e+01	 1.0589e-30	 1.0000e+15
 2.900000e+01	 1.00749366e+00	-2.95250634e+00	-6.63785765e+05	 0.00000000e+00	 2.6671e+01	 8.1908e-31	 1.0000e+15
 3.000000e+01	 1.00085581e+00	-2.95914419e+00	-6.63783819e+05	 0.00000000e+00	 3.4478e+01	 6.3360e-31	 1.0000e+15
 3.100000e+01	 9.94217968e-01	-2.96578203e+00	-6.63781873e+05	 0.00000000e+00	 4.4572e+01	 4.9012e-31	 1.0000e+15
 3.200000e+01	 9.87580150e-01	-2.97241985e+00	-6.63779928e+05	 0.00000000e+00	 5.7619e+01	 3.7913e-31	 1.0000e+15
 3.300000e+01	 9.80942350e-01	-2.97905765e+00	-6.63777982e+05	 0.00000000e+00	 7.4487e+01	 2.9328e-31	 1.0000e+15
 3.400000e+01	 9.74304571e-01	-2.98569543e+00	-6.63776036e+05	 0.00000000e+00	 9.6292e+01	 2.2687e-31	 1.0000e+15
 3.500000e+01	 9.67666810e-01	-2.99233319e+00	-6.63774091e+05	 0.00000000e+00	 1.2448e+02	 1.7549e-31	 1.0000e+15
 3.600000e+01	 9.61029069e-01	-2.99897093e+00	-6.63772145e+05	 0.00000000e+00	 1.6092e+02	 1.3575e-31	 1.0000e+15
 3.700000e+01	 9.54391348e-01	-3.00560865e+00	-6.63770199e+05	 0.00000000e+00	 2.0803e+02	 1.0501e-31	 1.0000e+15
 3.800000e+01	 9.47753646e-01	-3.01224635e+00	-6.63768253e+05	 0.00000000e+00	 2.6892e+02	 8.1234e-32	 1.0000e+15
 3.900000e+01	 9.41115963e-01	-3.01888404e+00	-6.63766308e+05	 0.00000000e+00	 3.4764e+02	 6.2839e-32	 1.0000e+15
 4.000000e+01	 9.34478300e-01	-3.02552170e+00	-6.63764362e+05	 0.00000000e+00	 4.4941e+02	 4.8609e-32	 1.0000e+15
 4.100000e+01	 9.27840657e-01	-3.03215934e+00	-6.63762416e+05	 0.00000000e+00	 5.8096e+02	 3.7602e-32	 1.0000e+15
 4.200000e+01	 9.21203033e-01	-3.03879697e+00	-6.63760470e+05	 0.00000000e+00	 7.5103e+02	 2.9087e-32	 1.0000e+15
 4.300000e+01	 9.14565428e-01	-3.04543457e+00	-6.63758525e+05	 0.00000000e+00	 9.7087e+02	 2.2501e-32	 1.0000e+15
 4.400000e+01	 9.07927843e-01	-3.05207216e+00	-6.63756579e+05	 0.00000000e+00	 1.2551e+03	 1.7406e-32	 1.0000e+15
 4.500000e+01	 9.01290277e-01	-3.05870972e+00	-6.63754633e+05	 0.00000000e+00	 1.6225e+03	 1.3464e-32	 1.0000e+15
 4.600000e+01	 8.94652730e-01	-3.06534727e+00	-6.63752688e+05	 0.00000000e+00	 2.0974e+03	 1.0416e-32	 1.0000e+15
 4.700000e+01	 8.88015204e-01	-3.07198480e+00	-6.63750742e+05	 0.00000000e+00	 2.7114e+03	 8.0570e-33	 1.0000e+15
 4.800000e+01	 8.81377696e-01	-3.07862230e+00	-6.63748796e+05	 0.00000000e+00	 3.5050e+03	 6.2326e-33	 1.0000e+15
 4.900000e+01	 8.74740208e-01	-3.08525979e+00	-6.63746850e+05	 0.00000000e+00	 4.5310e+03	 4.8213e-33	 1.0000e+15
 5.000000e+01	 8.68102740e-01	-3.09189726e+00	-6.63744905e+05	 0.00000000e+00	 5.8574e+03	 3.7296e-33	 1.0000e+15
 5.100000e+01	 8.61465291e-01	-3.09853471e+00	-6.63742959e+05	 0.00000000e+00	 7.5719e+03	 2.8851e-33	 1.0000e+15
 5.200000e+01	 8.54827861e-01	-3.10517214e+00	-6.63741013e+05	 0.00000000e+00	 9.7883e+03	 2.2318e-33	 1.0000e+15
 5.300000e+01	 8.48190451e-01	-3.11180955e+00	-6.63739068e+05	 0.00000000e+00	 1.2654e+04	 1.7264e-33	 1.0000e+15
 5.400000e+01	 8.41553060e-01	-3.11844694e+00	-6.63737122e+05	 0.00000000e+00	 1.6357e+04	 1.3355e-33	 1.0000e+15
 5.500000e+01	 8.34915689e-01	-3.12508431e+00	-6.63735176e+05	 0.00000000e+00	 2.1146e+04	 1.0331e-33	 1.0000e+15
 5.600000e+01	 8.28278337e-01	-3.13172166e+00	-6.63733230e+05	 0.00000000e+00	 2.7335e+04	 7.9917e-34	 1.0000e+15
 5.700000e+01	 8.21641005e-01	-3.13835900e+00	-6.63731285e+05	 0.00000000e+00	 3.5337e+04	 6.1821e-34	 1.0000e+15
 5.800000e+01	 8.15003692e-01	-3.14499631e+00	-6.63729339e+05	 0.00000000e+00	 4.5680e+04	 4.7823e-34	 1.0000e+15
 5.900000e+01	 8.08366399e-01	-3.15163360e+00	-6.63727393e+05	 0.00000000e+00	 5.9051e+04	 3.6994e-34	 1.0000e+15
 6.000000e+01	 8.01729125e-01	-3.15827088e+00	-6.63725448e+05	 0.00000000e+00	 7.6336e+04	 2.8618e-34	 1.0000e+15
 6.100000e+01	 7.95091870e-01	-3.16490813e+00	-6.63723502e+05	 0.00000000e+00	 9.8680e+04	 2.2138e-34	 1.0000e+15
 6.200000e+01	 7.88454635e-01	-3.17154536e+00	-6.63721556e+05	 0.00000000e+00	 1.2756e+05	 1.7125e-34	 1.0000e+15
 6.300000e+01	 7.81817420e-01	-3.17818258e+00	-6.63719610e+05	 0.00000000e+00	 1.6490e+05	 1.3247e-34	 1.0000e+15
 6.400000e+01	 7.75180224e-01	-3.18481978e+00	-6.63717665e+05	 0.00000000e+00	 2.1317e+05	 1.0248e-34	 1.0000e+15
 6.500000e+01	 7.68543047e-01	-3.19145695e+00	-6.63715719e+05	 0.00000000e+00	 2.7557e+05	 7.9274e-35	 1.0000e+15
 6.600000e+01	 7.61905890e-01	-3.19809411e+00	-6.63713773e+05	 0.00000000e+00	 3.5623e+05	 6.1324e-35	 1.0000e+15
 6.700000e+01	 7.55268752e-01	-3.20473125e+00	-6.63711828e+05	 0.00000000e+00	 4.6050e+05	 4.7439e-35	 1.0000e+15
 6.800000e+01	 7.48631634e-01	-3.21136837e+00	-6.63709882e+05	 0.00000000e+00	 5.9529e+05	 3.6697e-35	 1.0000e+15
 6.900000e+01	 7.41994535e-01	-3.21800547e+00	-6.63707936e+05	 0.00000000e+00	 7.6953e+05	 2.8388e-35	 1.0000e+15
 7.000000e+01	 7.35357456e-01	-3.22464254e+00	-6.63705990e+05	 0.00000000e+00	 9.9477e+05	 2.1960e-35	 1.0000e+15
 7.100000e+01	 7.28720396e-01	-3.23127960e+00	-6.63704045e+05	 0.00000000e+00	 1.2859e+06	 1.6988e-35	 1.0000e+15
 7.200000e+01	 7.22083355e-01	-3.23791664e+00	-6.63702099e+05	 0.00000000e+00	 1.6623e+06	 1.3141e-35	 1.0000e+15
 7.300000e+01	 7.15446334e-01	-3.24455367e+00	-6.63700153e+05	 0.00000000e+00	 2.1489e+06	 1.0166e-35	 1.0000e+15
 7.400000e+01	 7.08809333e-01	-3.25119067e+00	-6.63698208e+05	 0.00000000e+00	 2.7779e+06	 7.8641e-36	 1.0000e+15
 7.500000e+01	 7.02172351e-01	-3.25782765e+00	-6.63696262e+05	 0.00000000e+00	 3.5910e+06	 6.0835e-36	 1.0000e+15
 7.600000e+01	 6.95535388e-01	-3.26446461e+00	-6.63694316e+05	 0.00000000e+00	 4.6420e+06	 4.7060e-36	 1.0000e+15
 7.700000e+01	 6.88898445e-01	-3.27110156e+00	-6.63692370e+05	 0.00000000e+00	 6.0007e+06	 3.6405e-36	 1.0000e+15
 7.800000e+01	 6.82261521e-01	-3.27773848e+00	-6.63690425e+05	 0.00000000e+00	 7.7571e+06	 2.8162e-36	 1.0000e+15
 7.900000e+01	 6.75624617e-01	-3.28437538e+00	-6.63688479e+05	 0.00000000e+00	 1.0027e+07	 2.1786e-36	 1.0000e+15
 8.000000e+01	 6.68987732e-01	-3.29101227e+00	-6.63686533e+05	 0.00000000e+00	 1.2962e+07	 1.6853e-36	 1.0000e+15
 8.100000e+01	 6.62350867e-01	-3.29764913e+00	-6.63684587e+05	 0.00000000e+00	 1.6756e+07	 1.3037e-36	 1.0000e+15
 8.200000e+01	 6.55714021e-01	-3.30428598e+00	-6.63682642e+05	 0.00000000e+00	 2.1661e+07	 1.0085e-36	 1.0000e+15
 8.300000e+01	 6.49077195e-01	-3.31092281e+00	-6.63680696e+05	 0.00000000e+00	 2.8001e+07	 7.8017e-37	 1.0000e+15
 8.400000e+01	 6.42440388e-01	-3.31755961e+00	-6.63678750e+05	 0.00000000e+00	 3.6196e+07	 6.0353e-37	 1.0000e+15
 8.500000e+01	 6.35803600e-01	-3.32419640e+00	-6.63676805e+05	 0.00000000e+00	 4.6790e+07	 4.6688e-37	 1.0000e+15
 8.600000e+01	 6.29166832e-01	-3.33083317e+00	-6.63674859e+05	 0.00000000e+00	 6.0485e+07	 3.6117e-37	 1.0000e+15
 8.700000e+01	 6.22530083e-01	-3.33746992e+00	-6.63672913e+05	 0.00000000e+00	 7.8188e+07	 2.7940e-37	 1.0000e+15
 8.800000e+01	 6.15893354e-01	-3.34410665e+00	-6.63670967e+05	 0.00000000e+00	 1.0107e+08	 2.1614e-37	 1.0000e+15
 8.900000e+01	 6.09256645e-01	-3.35074336e+00	-6.63669022e+05	 0.00000000e+00	 1.3065e+08	 1.6720e-37	 1.0000e+15
 9.000000e+01	 6.02619954e-01	-3.35738005e+00	-6.63667076e+05	 0.00000000e+00	 1.6890e+08	 1.2934e-37	 1.0000e+15
 9.100000e+01	 5.95983284e-01	-3.36401672e+00	-6.63665130e+05	 0.00000000e+00	 2.1833e+08	 1.0006e-37	 1.0000e+15
 9.200000e+01	 5.89346632e-01	-3.37065337e+00	-6.63663185e+05	 0.00000000e+00	 2.8223e+08	 7.7404e-38	 1.0000e+15
 9.300000e+01	 5.82710001e-01	-3.37729000e+00	-6.63661239e+05	 0.00000000e+00	 3.6483e+08	 5.9879e-38	 1.0000e+15
 9.400000e+01	 5.76073388e-01	-3.38392661e+00	-6.63659293e+05	 0.00000000e+00	 4.7161e+08	 4.6321e-38	 1.0000e+15
 9.500000e+01	 5.69436795e-01	-3.39056320e+00	-6.63657347e+05	 0.00000000e+00	 6.0964e+08	 3.5834e-38	 1.0000e+15
 9.600000e+01	 5.62800222e-01	-3.39719978e+00	-6.63655402e+05	 0.00000000e+00	 7.8806e+08	 2.7721e-38	 1.0000e+15
 9.700000e+01	 5.56163668e-01	-3.40383633e+00	-6.63653456e+05	 0.00000000e+00	 1.0187e+09	 2.1444e-38	 1.0000e+15
 9.800000e+01	 5.49527133e-01	-3.41047287e+00	-6.63651510e+05	 0.00000000e+00	 1.3169e+09	 1.6589e-38	 1.0000e+15
 9.900000e+01	 5.42890618e-01	-3.41710938e+00	-6.63649565e+05	 0.00000000e+00	 1.7023e+09	 1.2833e-38	 1.0000e+15
 1.000000e+02	 5.36254122e-01	-3.42374588e+00	-6.63647619e+05	 0.00000000e+00	 2.2005e+09	 9.9277e-39	 1.0000e+15
 1.010000e+02	 5.29617646e-01	-3.43038235e+00	-6.63645673e+05	 0.00000000e+00	 2.8445e+09	 7.6800e-39	 1.0000e+15
 1.020000e+02	 5.22981189e-01	-3.43701881e+00	-6.63643727e+05	 0.00000000e+00	 3.6770e+09	 5.9412e-39	 1.0000e+15
 1.030000e+02	 5.16344752e-01	-3.44365525e+00	-6.63641782e+05	 0.00000000e+00	 4.7531e+09	 4.5960e-39	 1.0000e+15
 1.040000e+02	 5.09708334e-01	-3.45029167e+00	-6.63639836e+05	 0.00000000e+00	 6.1442e+09	 3.5555e-39	 1.0000e+15
 1.050000e+02	 5.03071936e-01	-3.45692806e+00	-6.63637890e+05	 0.00000000e+00	 7.9424e+09	 2.7505e-39	 1.0000e+15
 1.060000e+02	 4.96435557e-01	-3.46356444e+00	-6.63635945e+05	 0.00000000e+00	 1.0267e+10	 2.1278e-39	 1.0000e+15
 1.070000e+02	 4.89799198e-01	-3.47020080e+00	-6.63633999e+05	 0.00000000e+00	 1.3272e+10	 1.6460e-39	 1.0000e+15
 1.080000e+02	 4.83162858e-01	-3.47683714e+00	-6.63632053e+05	 0.00000000e+00	 1.7156e+10	 1.2734e-39	 1.0000e+15
 1.090000e+02	 4.76526537e-01	-3.48347346e+00	-6.63630108e+05	 0.00000000e+00	 2.2177e+10	 9.8507e-40	 1.0000e+15
 1.100000e+02	 4.69890236e-01	-3.49010976e+00	-6.63628162e+05	 0.00000000e+00	 2.8667e+10	 7.6205e-40	 1.0000e+15
 1.110000e+02	 4.63253954e-01	-3.49674605e+00	-6.63626216e+05	 0.00000000e+00	 3.7056e+10	 5.8952e-40	 1.0000e+15
 1.120000e+02	 4.56617692e-01	-3.50338231e+00	-6.63624271e+05	 0.00000000e+00	 4.7901e+10	 4.5605e-40	 1.0000e+15
 1.130000e+02	 4.49981450e-01	-3.51001855e+00	-6.63622325e+05	 0.00000000e+00	 6.1920e+10	 3.5280e-40	 1.0000e+15
 1.140000e+02	 4.43345226e-01	-3.51665477e+00	-6.63620379e+05	 0.00000000e+00	 8.0042e+10	 2.7293e-40	 1.0000e+15
 1.150000e+02	 4.36709023e-01	-3.52329098e+00	-6.63618434e+05	 0.00000000e+00	 1.0347e+11	 2.1114e-40	 1.0000e+15
 1.160000e+02	 4.30072838e-01	-3.52992716e+00	-6.63616488e+05	 0.00000000e+00	 1.3375e+11	 1.6333e-40	 1.0000e+15
 1.170000e+02	 4.23436673e-01	-3.53656333e+00	-6.63614543e+05	 0.00000000e+00	 1.7289e+11	 1.2636e-40	 1.0000e+15
 1.180000e+02	 4.16800528e-01	-3.54319947e+00	-6.63612598e+05	 0.00000000e+00	 2.2348e+11	 9.7749e-41	 1.0000e+15
 1.190000e+02	 4.10164402e-01	-3.54983560e+00	-6.63610653e+05	 0.00000000e+00	 2.8889e+11	 7.5619e-41	 1.0000e+15
 1.200000e+02	 4.03528295e-01	-3.55647170e+00	-6.63608708e+05	 0.00000000e+00	 3.7343e+11	 5.8499e-41	 1.0000e+15
 1.210000e+02	 3.96892208e-01	-3.56310779e+00	-6.63606763e+05	 0.00000000e+00	 4.8272e+11	 4.5255e-41	 1.0000e+15
 1.220000e+02	 3.90256141e-01	-3.56974386e+00	-6.63604818e+05	 0.00000000e+00	 6.2398e+11	 3.5010e-41	 1.0000e+15
 1.230000e+02	 3.83620092e-01	-3.57637991e+00	-6.63602874e+05	 0.00000000e+00	 8.0659e+11	 2.7084e-41	 1.0000e+15
 1.240000e+02	 3.76984064e-01	-3.58301594e+00	-6.63600931e+05	 0.00000000e+00	 1.0426e+12	 2.0952e-41	 1.0000e+15
 1.250000e+02	 3.70348054e-01	-3.58965195e+00	-6.63598987e+05	 0.00000000e+00	 1.3478e+12	 1.6209e-41	 1.0000e+15
 1.260000e+02	 3.63712065e-01	-3.59628794e+00	-6.63597045e+05	 0.00000000e+00	 1.7422e+12	 1.2539e-41	 1.0000e+15
 1.270000e+02	 3.57076094e-01	-3.60292391e+00	-6.63595104e+05	 0.00000000e+00	 2.2520e+12	 9.7003e-42	 1.0000e+15
 1.280000e+02	 3.50440143e-01	-3.60955986e+00	-6.63593164e+05	 0.00000000e+00	 2.9111e+12	 7.5043e-42	 1.0000e+15
 1.290000e+02	 3.43804211e-01	-3.61619579e+00	-6.63591225e+05	 0.00000000e+00	 3.7630e+12	 5.8054e-42	 1.0000e+15
 1.300000e+02	 3.37168299e-01	-3.62283170e+00	-6.63589289e+05	 0.00000000e+00	 4.8642e+12	 4.4911e-42	 1.0000e+15
 1.310000e+02	 3.30532406e-01	-3.62946759e+00	-6.63587356e+05	 0.00000000e+00	 6.2877e+12	 3.4743e-42	 1.0000e+15
 1.320000e+02	 3.23896533e-01	-3.63610347e+00	-6.63585426e+05	 0.00000000e+00	 8.1277e+12	 2.6878e-42	 1.0000e+15
 1.330000e+02	 3.17260678e-01	-3.64273932e+00	-6.63583500e+05	 0.00000000e+00	 1.0506e+13	 2.0793e-42	 1.0000e+15
 1.340000e+02	 3.10624843e-01	-3.64937516e+00	-6.63581581e+05	 0.00000000e+00	 1.3581e+13	 1.6086e-42	 1.0000e+15
 1.350000e+02	 3.03989028e-01	-3.65601097e+00	-6.63579670e+05	 0.00000000e+00	 1.7555e+13	 1.2444e-42	 1.0000e+15
 1.360000e+02	 2.97353231e-01	-3.66264677e+00	-6.63577768e+05	 0.00000000e+00	 2.2692e+13	 9.6269e-43	 1.0000e+15
 1.370000e+02	 2.90717453e-01	-3.66928255e+00	-6.63575879e+05	 0.00000000e+00	 2.9333e+13	 7.4475e-43	 1.0000e+15
 1.380000e+02	 2.84081695e-01	-3.67591831e+00	-6.63574007e+05	 0.00000000e+00	 3.7916e+13	 5.7615e-43	 1.0000e+15
 1.390000e+02	 2.77445954e-01	-3.68255405e+00	-6.63572157e+05	 0.00000000e+00	 4.9012e+13	 4.4572e-43	 1.0000e+15
 1.400000e+02	 2.70810233e-01	-3.68918977e+00	-6.63570335e+05	 0.00000000e+00	 6.3355e+13	 3.4481e-43	 1.0000e+15
 1.410000e+02	 2.64174530e-01	-3.69582547e+00	-6.63568548e+05	 0.00000000e+00	 8.1894e+13	 2.6675e-43	 1.0000e+15
 1.420000e+02	 2.57538844e-01	-3.70246116e+00	-6.63566808e+05	 0.00000000e+00	 1.0586e+14	 2.0636e-43	 1.0000e+15
 1.430000e+02	 2.50903176e-01	-3.70909682e+00	-6.63565129e+05	 0.00000000e+00	 1.3684e+14	 1.5965e-43	 1.0000e+15
 1.440000e+02	 2.44267525e-01	-3.71573248e+00	-6.63563527e+05	 0.00000000e+00	 1.7688e+14	 1.2351e-43	 1.0000e+15
 1.450000e+02	 2.37631889e-01	-3.72236811e+00	-6.63562027e+05	 0.00000000e+00	 2.2864e+14	 9.5546e-44	 1.0000e+15
 1.460000e+02	 2.30996269e-01	-3.72900373e+00	-6.63560656e+05	 0.00000000e+00	 2.9554e+14	 7.3916e-44	 1.0000e+15
 1.470000e+02	 2.24360663e-01	-3.73563934e+00	-6.63559454e+05	 0.00000000e+00	 3.8203e+14	 5.7183e-44	 1.0000e+15
 1.480000e+02	 2.17725068e-01	-3.74227493e+00	-6.63558469e+05	 0.00000000e+00	 4.9382e+14	 4.4238e-44	 1.0000e+15
 1.490000e+02	 2.11089483e-01	-3.74891052e+00	-6.63557765e+05	 0.00000000e+00	 6.3833e+14	 3.4223e-44	 1.0000e+15
 1.500000e+02	-2.43546094e-01	-3.63654609e+00	 1.34366812e+06	 0.00000000e+00	 4.9545e+19	 2.6422e-42	 1.0960e+21
 1.510000e+02	-2.30109413e-01	-3.62310941e+00	 1.25684972e+06	 0.00000000e+00	 4.5581e+19	 4.4431e-42	 1.0000e+15
 1.520000e+02	-2.17540916e-01	-3.61054092e+00	 1.17689327e+06	 0.00000000e+00	 4.1978e+19	 7.2248e-42	 1.0000e+15
 1.530000e+02	-2.05771983e-01	-3.59877198e+00	 1.10318083e+06	 0.00000000e+00	 3.8700e+19	 1.1390e-41	 1.0000e+15
 1.540000e+02	-1.94740175e-01	-3.58774017e+00	 1.03515717e+06	 0.00000000e+00	 3.5714e+19	 1.7453e-41	 1.0000e+15
 1.550000e+02	-1.84388603e-01	-3.57738860e+00	 9.72322674e+05	 0.00000000e+00	 3.2989e+19	 2.6047e-41	 1.0000e+15
 1.560000e+02	-1.74665377e-01	-3.56766538e+00	 9.14227139e+05	 0.00000000e+00	 3.0501e+19	 3.7941e-41	 1.0000e+15
 1.570000e+02	-1.65523105e-01	-3.55852311e+00	 8.60537144e+05	 0.00000000e+00	 2.8188e+19	 5.4037e-41	 1.0000e+15
 1.580000e+02	-1.56917734e-01	-3.54991773e+00	 8.10926196e+05	 0.00000000e+00	 2.6047e+19	 7.5379e-41	 1.0000e+15
 1.590000e+02	-1.48808472e-01	-3.54180847e+00	 7.65026837e+05	 0.00000000e+00	 2.4098e+19	 1.0315e-40	 1.0000e+15
 1.600000e+02	-1.41158203e-01	-3.53415820e+00	 7.22510701e+05	 0.00000000e+00	 2.2322e+19	 1.3868e-40	 1.0000e+15
 1.610000e+02	-1.33933096e-01	-3.52693310e+00	 6.83083667e+05	 0.00000000e+00	 2.0700e+19	 1.8339e-40	 1.0000e+15
 1.620000e+02	-1.27102260e-01	-3.52010226e+00	 6.46481684e+05	 0.00000000e+00	 1.9217e+19	 2.3885e-40	 1.0000e+15
 1.630000e+02	-1.20637443e-01	-3.51363744e+00	 6.12467165e+05	 0.00000000e+00	 1.7859e+19	 3.0671e-40	 1.0000e+15
 1.640000e+02	-1.14512771e-01	-3.50751277e+00	 5.80825877e+05	 0.00000000e+00	 1.6613e+19	 3.8871e-40	 1.0000e+15
 1.650000e+02	-1.08704512e-01	-3.50170451e+00	 5.51364239e+05	 0.00000000e+00	 1.5468e+19	 4.8663e-40	 1.0000e+15
 1.660000e+02	-1.03190870e-01	-3.49619087e+00	 5.23906978e+05	 0.00000000e+00	 1.4416e+19	 6.0232e-40	 1.0000e+15
 1.670000e+02	-9.79518002e-02	-3.49095180e+00	 4.98295094e+05	 0.00000000e+00	 1.3447e+19	 7.3763e-40	 1.0000e+15
 1.680000e+02	-9.29688493e-02	-3.48596885e+00	 4.74384080e+05	 0.00000000e+00	 1.2554e+19	 8.9443e-40	 1.0000e+15
 1.690000e+02	-8.82250085e-02	-3.48122501e+00	 4.52042369e+05	 0.00000000e+00	 1.1730e+19	 1.0746e-39	 1.0000e+15
 1.700000e+02	-8.37045848e-02	-3.47670458e+00	 4.31149978e+05	 0.00000000e+00	 1.0970e+19	 1.2799e-39	 1.0000e+15
 1.710000e+02	-7.93930850e-02	-3.47239309e+00	 4.11597315e+05	 0.00000000e+00	 1.0266e+19	 1.5122e-39	 1.0000e+15
 1.720000e+02	-7.52771119e-02	-3.46827711e+00	 3.93284132e+05	 0.00000000e+00	 9.6155e+18	 1.7732e-39	 1.0000e+15
 1.730000e+02	-7.13442706e-02	-3.46434427e+00	 3.76118603e+05	 0.00000000e+00	 9.0129e+18	 2.0645e-39	 1.0000e+15
 1.740000e+02	-6.75830845e-02	-3.46058308e+00	 3.60016508e+05	 0.00000000e+00	 8.4546e+18	 2.3879e-39	 1.0000e+15
 1.750000e+02	-6.39829194e-02	-3.45698292e+00	 3.44900513e+05	 0.00000000e+00	 7.9369e+18	 2.7447e-39	 1.0000e+15
 1.760000e+02	-6.05339143e-02	-3.45353391e+00	 3.30699532e+05	 0.00000000e+00	 7.4565e+18	 3.1364e-39	 1.0000e+15
 1.770000e+02	-5.72269190e-02	-3.45022692e+00	 3.17348154e+05	 0.00000000e+00	 7.0105e+18	 3.5644e-39	 1.0000e+15
 1.780000e+02	-5.40534375e-02	-3.44705344e+00	 3.04786139e+05	 0.00000000e+00	 6.5961e+18	 4.0299e-39	 1.0000e+15
 1.790000e+02	-5.10055761e-02	-3.44400558e+00	 2.92957961e+05	 0.00000000e+00	 6.2108e+18	 4.5342e-39	 1.0000e+15
 1.800000e+02	-4.80759965e-02	-3.44107600e+00	 2.81812400e+05	 0.00000000e+00	 5.8524e+18	 5.0782e-39	 1.0000e+15
 1.810000e+02	-4.52578725e-02	-3.43825787e+00	 2.71302181e+05	 0.00000000e+00	 5.5189e+18	 5.6631e-39	 1.0000e+15
 1.820000e+02	-4.25448506e-02	-3.43554485e+00	 2.61383635e+05	 0.00000000e+00	 5.2083e+18	 6.2897e-39	 1.0000e+15
 1.830000e+02	-3.99310143e-02	-3.43293101e+00	 2.52016408e+05	 0.00000000e+00	 4.9188e+18	 6.9589e-39	 1.0000e+15
 1.840000e+02	-3.74108502e-02	-3.43041085e+00	 2.43163184e+05	 0.00000000e+00	 4.6490e+18	 7.6715e-39	 1.0000e+15
 1.850000e+02	-3.49792184e-02	-3.42797922e+00	 2.34789443e+05	 0.00000000e+00	 4.3972e+18	 8.4281e-39	 1.0000e+15
 1.860000e+02	-3.26313239e-02	-3.42563132e+00	 2.26863236e+05	 0.00000000e+00	 4.1623e+18	 9.2294e-39	 1.0000e+15
 1.870000e+02	-3.03626916e-02	-3.42336269e+00	 2.19354977e+05	 0.00000000e+00	 3.9428e+18	 1.0076e-38	 1.0000e+15
 1.880000e+02	-2.81691418e-02	-3.42116914e+00	 2.12237263e+05	 0.00000000e+00	 3.7378e+18	 1.0968e-38	 1.0000e+15
 1.890000e+02	-2.60467692e-02	-3.41904677e+00	 2.05484697e+05	 0.00000000e+00	 3.5461e+18	 1.1907e-38	 1.0000e+15
 1.900000e+02	-2.39919222e-02	-3.41699192e+00	 1.99073734e+05	 0.00000000e+00	 3.3668e+18	 1.2892e-38	 1.0000e+15
 1.910000e+02	-2.20011849e-02	-3.41500118e+00	 1.92982537e+05	 0.00000000e+00	 3.1989e+18	 1.3924e-38	 1.0000e+15
 1.920000e+02	-2.00713595e-02	-3.41307136e+00	 1.87190844e+05	 0.00000000e+00	 3.0416e+18	 1.5003e-38	 1.0000e+15
 1.930000e+02	-1.81994511e-02	-3.41119945e+00	 1.81679849e+05	 0.00000000e+00	 2.8943e+18	 1.6129e-38	 1.0000e+15
 1.940000e+02	-1.63826526e-02	-3.40938265e+00	 1.76432087e+05	 0.00000000e+00	 2.7561e+18	 1.7304e-38	 1.0000e+15
 1.950000e+02	-1.46183317e-02	-3.40761833e+00	 1.71431335e+05	 0.00000000e+00	 2.6264e+18	 1.8526e-38	 1.0000e+15
 1.960000e+02	-1.29040184e-02	-3.40590402e+00	 1.66662514e+05	 0.00000000e+00	 2.5046e+18	 1.9796e-38	 1.0000e+15
 1.970000e+02	-1.12373932e-02	-3.40423739e+00	 1.62111604e+05	 0.00000000e+00	 2.3902e+18	 2.1114e-38	 1.0000e+15
 1.980000e+02	-9.61627718e-03	-3.40261628e+00	 1.57765564e+05	 0.00000000e+00	 2.2827e+18	 2.2481e-38	 1.0000e+15
 1.990000e+02	-8.03862154e-03	-3.40103862e+00	 1.53612256e+05	 0.00000000e+00	 2.1815e+18	 2.3895e-38	 1.0000e+15
 2.000000e+02	-6.50249898e-03	-3.39950250e+00	 1.49640379e+05	 0.00000000e+00	 2.0862e+18	 2.5358e-38	 1.0000e+15
 2.010000e+02	-5.00609519e-03	-3.39800610e+00	 1.45839404e+05	 0.00000000e+00	 1.9965e+18	 2.6869e-38	 1.0000e+15
 2.020000e+02	-3.54770115e-03	-3.39654770e+00	 1.42199520e+05	 0.00000000e+00	 1.9119e+18	 2.8429e-38	 1.0000e+15
 2.030000e+02	-2.12570595e-03	-3.39512571e+00	 1.38711575e+05	 0.00000000e+00	 1.8322e+18	 3.0036e-38	 1.0000e+15
 2.040000e+02	-7.38590193e-04	-3.39373859e+00	 1.35367033e+05	 0.00000000e+00	 1.7569e+18	 3.1692e-38	 1.0000e+15
 2.050000e+02	 6.15080139e-04	-3.39238492e+00	 1.32157923e+05	 0.00000000e+00	 1.6858e+18	 3.3395e-38	 1.0000e+15
 2.060000e+02	 1.93665937e-03	-3.39106334e+00	 1.29076802e+05	 0.00000000e+00	 1.6186e+18	 3.5147e-38	 1.0000e+15
 2.070000e+02	 3.22742739e-03	-3.38977257e+00	 1.26116712e+05	 0.00000000e+00	 1.5551e+18	 3.6947e-38	 1.0000e+15
 2.080000e+02	 4.48859451e-03	-3.38851141e+00	 1.23271147e+05	 0.00000000e+00	 1.4949e+18	 3.8794e-38	 1.0000e+15
 2.090000e+02	 5.72130598e-03	-3.38727869e+00	 1.20534022e+05	 0.00000000e+00	 1.4380e+18	 4.0688e-38	 1.0000e+15
 2.100000e+02	 6.92664620e-03	-3.38607335e+00	 1.17899639e+05	 0.00000000e+00	 1.3841e+18	 4.2630e-38	 1.0000e+15
 2.110000e+02	 8.10564259e-03	-3.38489436e+00	 1.15362659e+05	 0.00000000e+00	 1.3329e+18	 4.4619e-38	 1.0000e+15
 2.120000e+02	 9.25926918e-03	-3.38374073e+00	 1.12918082e+05	 0.00000000e+00	 1.2844e+18	 4.6656e-38	 1.0000e+15
 2.130000e+02	 1.03884500e-02	-3.38261155e+00	 1.10561214e+05	 0.00000000e+00	 1.2384e+18	 4.8739e-38	 1.0000e+15
 2.140000e+02	 1.14940621e-02	-3.38150594e+00	 1.08287655e+05	 0.00000000e+00	 1.1946e+18	 5.0868e-38	 1.0000e+15
 2.150000e+02	 1.25769387e-02	-3.38042306e+00	 1.06093272e+05	 0.00000000e+00	 1.1531e+18	 5.3044e-38	 1.0000e+15
 2.160000e+02	 1.36378714e-02	-3.37936213e+00	 1.03974179e+05	 0.00000000e+00	 1.1135e+18	 5.5266e-38	 1.0000e+15
 2.170000e+02	 1.46776132e-02	-3.37832239e+00	 1.01926729e+05	 0.00000000e+00	 1.0759e+18	 5.7534e-38	 1.0000e+15
 2.180000e+02	 1.56968805e-02	-3.37730312e+00	 9.99474865e+04	 0.00000000e+00	 1.0401e+18	 5.9848e-38	 1.0000e+15
 2.190000e+02	 1.66963554e-02	-3.37630364e+00	 9.80332206e+04	 0.00000000e+00	 1.0060e+18	 6.2207e-38	 1.0000e+15
 2.200000e+02	 1.76766876e-02	-3.37532331e+00	 9.61808882e+04	 0.00000000e+00	 9.7348e+17	 6.4612e-38	 1.0000e+15
 2.210000e+02	 1.86384965e-02	-3.37436150e+00	 9.43876218e+04	 0.00000000e+00	 9.4247e+17	 6.7061e-38	 1.0000e+15
 2.220000e+02	 1.95823727e-02	-3.37341763e+00	 9.26507179e+04	 0.00000000e+00	 9.1288e+17	 6.9554e-38	 1.0000e+15
 2.230000e+02	 2.05088799e-02	-3.37249112e+00	 9.09676261e+04	 0.00000000e+00	 8.8463e+17	 7.2092e-38	 1.0000e+15
 2.240000e+02	 2.14185561e-02	-3.37158144e+00	 8.93359389e+04	 0.00000000e+00	 8.5764e+17	 7.4674e-38	 1.0000e+15
 2.250000e+02	 2.23119155e-02	-3.37068808e+00	 8.77533827e+04	 0.00000000e+00	 8.3184e+17	 7.7300e-38	 1.0000e+15
 2.260000e+02	 2.31894493e-02	-3.36981055e+00	 8.62178088e+04	 0.00000000e+00	 8.0718e+17	 7.9969e-38	 1.0000e+15
 2.270000e+02	 2.40516274e-02	-3.36894837e+00	 8.47271855e+04	 0.00000000e+00	 7.8358e+17	 8.2681e-38	 1.0000e+15
 2.280000e+02	 2.48988993e-02	-3.36810110e+00	 8.32795908e+04	 0.00000000e+00	 7.6099e+17	 8.5435e-38	 1.0000e+15
 2.290000e+02	 2.57316952e-02	-3.36726830e+00	 8.18732051e+04	 0.00000000e+00	 7.3935e+17	 8.8233e-38	 1.0000e+15
 2.300000e+02	 2.65504272e-02	-3.36644957e+00	 8.05063053e+04	 0.00000000e+00	 7.1862e+17	 9.1072e-38	 1.0000e+15
 2.310000e+02	 2.73554903e-02	-3.36564451e+00	 7.91772583e+04	 0.00000000e+00	 6.9875e+17	 9.3952e-38	 1.0000e+15
 2.320000e+02	 2.81472629e-02	-3.36485274e+00	 7.78845158e+04	 0.00000000e+00	 6.7969e+17	 9.6874e-38	 1.0000e+15
 2.330000e+02	 2.89261080e-02	-3.36407389e+00	 7.66266090e+04	 0.00000000e+00	 6.6140e+17	 9.9837e-38	 1.0000e+15
 2.340000e+02	 2.96923741e-02	-3.36330763e+00	 7.54021437e+04	 0.00000000e+00	 6.4385e+17	 1.0284e-37	 1.0000e+15
 2.350000e+02	 3.04463955e-02	-3.36255360e+00	 7.42097961e+04	 0.00000000e+00	 6.2698e+17	 1.0588e-37	 1.0000e+15
 2.360000e+02	 3.11884935e-02	-3.36181151e+00	 7.30483081e+04	 0.00000000e+00	 6.1078e+17	 1.0897e-37	 1.0000e+15
 2.370000e+02	 3.19189766e-02	-3.36108102e+00	 7.19164840e+04	 0.00000000e+00	 5.9521e+17	 1.1209e-37	 1.0000e+15
 2.380000e+02	 3.26381414e-02	-3.36036186e+00	 7.08131864e+04	 0.00000000e+00	 5.8023e+17	 1.1525e-37	 1.0000e+15
 2.390000e+02	 3.33462733e-02	-3.35965373e+00	 6.97373332e+04	 0.00000000e+00	 5.6582e+17	 1.1845e-37	 1.0000e+15
 2.400000e+02	 3.40436466e-02	-3.35895635e+00	 6.86878939e+04	 0.00000000e+00	 5.5196e+17	 1.2169e-37	 1.0000e+15
 2.410000e+02	 3.47305256e-02	-3.35826947e+00	 6.76638872e+04	 0.00000000e+00	 5.3861e+17	 1.2497e-37	 1.0000e+15
 2.420000e+02	 3.54071644e-02	-3.35759284e+00	 6.66643778e+04	 0.00000000e+00	 5.2574e+17	 1.2828e-37	 1.0000e+15
 2.430000e+02	 3.60738082e-02	-3.35692619e+00	 6.56884742e+04	 0.00000000e+00	 5.1335e+17	 1.3163e-37	 1.0000e+15
 2.440000e+02	 3.67306930e-02	-3.35626931e+00	 6.47353259e+04	 0.00000000e+00	 5.0140e+17	 1.3502e-37	 1.0000e+15
 2.450000e+02	 3.73780462e-02	-3.35562195e+00	 6.38041213e+04	 0.00000000e+00	 4.8988e+17	 1.3845e-37	 1.0000e+15
 2.460000e+02	 3.80160874e-02	-3.35498391e+00	 6.28940857e+04	 0.00000000e+00	 4.7877e+17	 1.4190e-37	 1.0000e+15
 2.470000e+02	 3.86450283e-02	-3.35435497e+00	 6.20044788e+04	 0.00000000e+00	 4.6805e+17	 1.4540e-37	 1.0000e+15
 2.480000e+02	 3.92650731e-02	-3.35373493e+00	 6.11345937e+04	 0.00000000e+00	 4.5769e+17	 1.4893e-37	 1.0000e+15
 2.490000e+02	 3.98764190e-02	-3.35312358e+00	 6.02837543e+04	 0.00000000e+00	 4.4769e+17	 1.5249e-37	 1.0000e+15
 2.500000e+02	 4.04792566e-02	-3.35252074e+00	 5.94513141e+04	 0.00000000e+00	 4.3803e+17	 1.5609e-37	 1.0000e+15
 2.510000e+02	 4.10737697e-02	-3.35192623e+00	 5.86366546e+04	 0.00000000e+00	 4.2870e+17	 1.5972e-37	 1.0000e+15
 2.520000e+02	 4.16601362e-02	-3.35133986e+00	 5.78391837e+04	 0.00000000e+00	 4.1967e+17	 1.6339e-37	 1.0000e+15
 2.530000e+02	 4.22385281e-02	-3.35076147e+00	 5.70583344e+04	 0.00000000e+00	 4.1095e+17	 1.6708e-37	 1.0000e+15
 2.540000e+02	 4.28091114e-02	-3.35019089e+00	 5.62935637e+04	 0.00000000e+00	 4.0251e+17	 1.7081e-37	 1.0000e+15
 2.550000e+02	 4.33720471e-02	-3.34962795e+00	 5.55443511e+04	 0.00000000e+00	 3.9434e+17	 1.7457e-37	 1.0000e+15
 2.560000e+02	 4.39274906e-02	-3.34907251e+00	 5.48101977e+04	 0.00000000e+00	 3.8643e+17	 1.7836e-37	 1.0000e+15
 2.570000e+02	 4.44755926e-02	-3.34852441e+00	 5.40906249e+04	 0.00000000e+00	 3.7878e+17	 1.8218e-37	 1.0000e+15
 2.580000e+02	 4.50164988e-02	-3.34798350e+00	 5.33851737e+04	 0.00000000e+00	 3.7136e+17	 1.8604e-37	 1.0000e+15
 2.590000e+02	 4.55503505e-02	-3.34744965e+00	 5.26934034e+04	 0.00000000e+00	 3.6418e+17	 1.8992e-37	 1.0000e+15
 2.600000e+02	 4.60772846e-02	-3.34692272e+00	 5.20148908e+04	 0.00000000e+00	 3.5722e+17	 1.9383e-37	 1.0000e+15
 2.610000e+02	 4.65974335e-02	-3.34640257e+00	 5.13492297e+04	 0.00000000e+00	 3.5047e+17	 1.9777e-37	 1.0000e+15
 2.620000e+02	 4.71109258e-02	-3.34588907e+00	 5.06960296e+04	 0.00000000e+00	 3.4393e+17	 2.0174e-37	 1.0000e+15
 2.630000e+02	 4.76178861e-02	-3.34538211e+00	 5.00549150e+04	 0.00000000e+00	 3.3759e+17	 2.0573e-37	 1.0000e+15
 2.640000e+02	 4.81184352e-02	-3.34488156e+00	 4.94255253e+04	 0.00000000e+00	 3.3143e+17	 2.0975e-37	 1.0000e+15
 2.650000e+02	 4.86126905e-02	-3.34438731e+00	 4.88075133e+04	 0.00000000e+00	 3.2546e+17	 2.1380e-37	 1.0000e+15
 2.660000e+02	 4.91007656e-02	-3.34389923e+00	 4.82005451e+04	 0.00000000e+00	 3.1966e+17	 2.1788e-37	 1.0000e+15
 2.670000e+02	 4.95827711e-02	-3.34341723e+00	 4.76042992e+04	 0.00000000e+00	 3.1403e+17	 2.2198e-37	 1.0000e+15
 2.680000e+02	 5.00588141e-02	-3.34294119e+00	 4.70184662e+04	 0.00000000e+00	 3.0856e+17	 2.2610e-37	 1.0000e+15
 2.690000e+02	 5.05289987e-02	-3.34247100e+00	 4.64427479e+04	 0.00000000e+00	 3.0325e+17	 2.3025e-37	 1.0000e+15
 2.700000e+02	 5.09934262e-02	-3.34200657e+00	 4.58768573e+04	 0.00000000e+00	 2.9809e+17	 2.3443e-37	 1.0000e+15
 2.710000e+02	 5.14521948e-02	-3.34154781e+00	 4.53205176e+04	 0.00000000e+00	 2.9308e+17	 2.3862e-37	 1.0000e+15
 2.720000e+02	 5.19053999e-02	-3.34109460e+00	 4.47734620e+04	 0.00000000e+00	 2.8821e+17	 2.4284e-37	 1.0000e+15
 2.730000e+02	 5.23531346e-02	-3.34064687e+00	 4.42354332e+04	 0.00000000e+00	 2.8347e+17	 2.4709e-37	 1.0000e+15
 2.740000e+02	 5.27954889e-02	-3.34020451e+00	 4.37061831e+04	 0.00000000e+00	 2.7886e+17	 2.5135e-37	 1.0000e+15
 2.750000e+02	 5.32325507e-02	-3.33976745e+00	 4.31854721e+04	 0.00000000e+00	 2.7437e+17	 2.5564e-37	 1.0000e+15
 2.760000e+02	 5.36644054e-02	-3.33933559e+00	 4.26730691e+04	 0.00000000e+00	 2.7001e+17	 2.5994e-37	 1.0000e+15
 2.770000e+02	 5.40911361e-02	-3.33890886e+00	 4.21687511e+04	 0.00000000e+00	 2.6577e+17	 2.6427e-37	 1.0000e+15
 2.780000e+02	 5.45128236e-02	-3.33848718e+00	 4.16723024e+04	 0.00000000e+00	 2.6164e+17	 2.6862e-37	 1.0000e+15
 2.790000e+02	 5.49295467e-02	-3.33807045e+00	 4.11835150e+04	 0.00000000e+00	 2.5761e+17	 2.7298e-37	 1.0000e+15
 2.800000e+02	 5.53413818e-02	-3.33765862e+00	 4.07021875e+04	 0.00000000e+00	 2.5370e+17	 2.7736e-37	 1.0000e+15
 2.810000e+02	 5.57484037e-02	-3.33725160e+00	 4.02281256e+04	 0.00000000e+00	 2.4988e+17	 2.8177e-37	 1.0000e+15
 2.820000e+02	 5.61506850e-02	-3.33684932e+00	 3.97611413e+04	 0.00000000e+00	 2.4617e+17	 2.8618e-37	 1.0000e+15
 2.830000e+02	 5.65482964e-02	-3.33645170e+00	 3.93010527e+04	 0.00000000e+00	 2.4255e+17	 2.9062e-37	 1.0000e+15
 2.840000e+02	 5.69413069e-02	-3.33605869e+00	 3.88476840e+04	 0.00000000e+00	 2.3902e+17	 2.9507e-37	 1.0000e+15
 2.850000e+02	 5.73297837e-02	-3.33567022e+00	 3.84008649e+04	 0.00000000e+00	 2.3558e+17	 2.9954e-37	 1.0000e+15
 2.860000e+02	 5.77137924e-02	-3.33528621e+00	 3.79604309e+04	 0.00000000e+00	 2.3223e+17	 3.0402e-37	 1.0000e+15
 2.870000e+02	 5.80933967e-02	-3.33490660e+00	 3.75262224e+04	 0.00000000e+00	 2.2896e+17	 3.0852e-37	 1.0000e+15
 2.880000e+02	 5.84686589e-02	-3.33453134e+00	 3.70980850e+04	 0.00000000e+00	 2.2577e+17	 3.1303e-37	 1.0000e+15
 2.890000e+02	 5.88396398e-02	-3.33416036e+00	 3.66758692e+04	 0.00000000e+00	 2.2266e+17	 3.1755e-37	 1.0000e+15
 2.900000e+02	 5.92063985e-02	-3.33379360e+00	 3.62594301e+04	 0.00000000e+00	 2.1963e+17	 3.2209e-37	 1.0000e+15
 2.910000e+02	 5.95689928e-02	-3.33343101e+00	 3.58486272e+04	 0.00000000e+00	 2.1667e+17	 3.2664e-37	 1.0000e+15
 2.920000e+02	 5.99274790e-02	-3.33307252e+00	 3.54433245e+04	 0.00000000e+00	 2.1378e+17	 3.3120e-37	 1.0000e+15
 2.930000e+02	 6.02819123e-02	-3.33271809e+00	 3.50433899e+04	 0.00000000e+00	 2.1097e+17	 3.3577e-37	 1.0000e+15
 2.940000e+02	 6.06323462e-02	-3.33236765e+00	 3.46486956e+04	 0.00000000e+00	 2.0822e+17	 3.4036e-37	 1.0000e+15
 2.950000e+02	 6.09788331e-02	-3.33202117e+00	 3.42591175e+04	 0.00000000e+00	 2.0553e+17	 3.4495e-37	 1.0000e+15
 2.960000e+02	 6.13214243e-02	-3.33167858e+00	 3.38745350e+04	 0.00000000e+00	 2.0291e+17	 3.4955e-37	 1.0000e+15
 2.970000e+02	 6.16601697e-02	-3.33133983e+00	 3.34948313e+04	 0.00000000e+00	 2.0035e+17	 3.5416e-37	 1.0000e+15
 2.980000e+02	 6.19951180e-02	-3.33100488e+00	 3.31198931e+04	 0.00000000e+00	 1.9784e+17	 3.5878e-37	 1.0000e+15
 2.990000e+02	 6.23263169e-02	-3.33067368e+00	 3.27496100e+04	 0.00000000e+00	 1.9540e+17	 3.6341e-37	 1.0000e+15
 3.000000e+02	 6.26538130e-02	-3.33034619e+00	 3.23838754e+04	 0.00000000e+00	 1.9301e+17	 3.6804e-37	 1.0000e+15
 3.010000e+02	 6.29776518e-02	-3.33002235e+00	 3.20225851e+04	 0.00000000e+00	 1.9068e+17	 3.7268e-37	 1.0000e+15
 3.020000e+02	 6.32978776e-02	-3.32970212e+00	 3.16656384e+04	 0.00000000e+00	 1.8840e+17	 3.7732e-37	 1.0000e+15
 3.030000e+02	 6.36145340e-02	-3.32938547e+00	 3.13129371e+04	 0.00000000e+00	 1.8617e+17	 3.8197e-37	 1.0000e+15
 3.040000e+02	 6.39276634e-02	-3.32907234e+00	 3.09643861e+04	 0.00000000e+00	 1.8399e+17	 3.8663e-37	 1.0000e+15
 3.050000e+02	 6.42373072e-02	-3.32876269e+00	 3.06198925e+04	 0.00000000e+00	 1.8186e+17	 3.9129e-37	 1.0000e+15
 3.060000e+02	 6.45435061e-02	-3.32845649e+00	 3.02793664e+04	 0.00000000e+00	 1.7978e+17	 3.9595e-37	 1.0000e+15
 3.070000e+02	 6.48462998e-02	-3.32815370e+00	 2.99427202e+04	 0.00000000e+00	 1.7774e+17	 4.0061e-37	 1.0000e+15
 3.080000e+02	 6.51457270e-02	-3.32785427e+00	 2.96098685e+04	 0.00000000e+00	 1.7575e+17	 4.0528e-37	 1.0000e+15
 3.090000e+02	 6.54418257e-02	-3.32755817e+00	 2.92807286e+04	 0.00000000e+00	 1.7380e+17	 4.0995e-37	 1.0000e+15
 3.100000e+02	 6.57346330e-02	-3.32726537e+00	 2.89552198e+04	 0.00000000e+00	 1.7189e+17	 4.1462e-37	 1.0000e+15
 3.110000e+02	 6.60241852e-02	-3.32697581e+00	 2.86332634e+04	 0.00000000e+00	 1.7003e+17	 4.1929e-37	 1.0000e+15
 3.120000e+02	 6.63105178e-02	-3.32668948e+00	 2.83147832e+04	 0.00000000e+00	 1.6820e+17	 4.2396e-37	 1.0000e+15
 3.130000e+02	 6.65936656e-02	-3.32640633e+00	 2.79997046e+04	 0.00000000e+00	 1.6642e+17	 4.2863e-37	 1.0000e+15
 3.140000e+02	 6.68736627e-02	-3.32612634e+00	 2.76879552e+04	 0.00000000e+00	 1.6467e+17	 4.3329e-37	 1.0000e+15
 3.150000e+02	 6.71505422e-02	-3.32584946e+00	 2.73794644e+04	 0.00000000e+00	 1.6296e+17	 4.3796e-37	 1.0000e+15
 3.160000e+02	 6.74243369e-02	-3.32557566e+00	 2.70741633e+04	 0.00000000e+00	 1.6128e+17	 4.4262e-37	 1.0000e+15
 3.170000e+02	 6.76950785e-02	-3.32530492e+00	 2.67719851e+04	 0.00000000e+00	 1.5964e+17	 4.4728e-37	 1.0000e+15
 3.180000e+02	 6.79627984e-02	-3.32503720e+00	 2.64728643e+04	 0.00000000e+00	 1.5804e+17	 4.5194e-37	 1.0000e+15
 3.190000e+02	 6.82275270e-02	-3.32477247e+00	 2.61767373e+04	 0.00000000e+00	 1.5647e+17	 4.5659e-37	 1.0000e+15
 3.200000e+02	 6.84892944e-02	-3.32451071e+00	 2.58835420e+04	 0.00000000e+00	 1.5493e+17	 4.6124e-37	 1.0000e+15
 3.210000e+02	 6.87481298e-02	-3.32425187e+00	 2.55932179e+04	 0.00000000e+00	 1.5342e+17	 4.6588e-37	 1.0000e+15
 3.220000e+02	 6.90040620e-02	-3.32399594e+00	 2.53057059e+04	 0.00000000e+00	 1.5194e+17	 4.7051e-37	 1.0000e+15
 3.230000e+02	 6.92571190e-02	-3.32374288e+00	 2.50209485e+04	 0.00000000e+00	 1.5050e+17	 4.7514e-37	 1.0000e+15
 3.240000e+02	 6.95073285e-02	-3.32349267e+00	 2.47388894e+04	 0.00000000e+00	 1.4908e+17	 4.7976e-37	 1.0000e+15
 3.250000e+02	 6.97547174e-02	-3.32324528e+00	 2.44594739e+04	 0.00000000e+00	 1.4769e+17	 4.8438e-37	 1.0000e+15
 3.260000e+02	 6.99993122e-02	-3.32300069e+00	 2.41826485e+04	 0.00000000e+00	 1.4633e+17	 4.8898e-37	 1.0000e+15
 3.270000e+02	 7.02411387e-02	-3.32275886e+00	 2.39083608e+04	 0.00000000e+00	 1.4500e+17	 4.9358e-37	 1.0000e+15
 3.280000e+02	 7.04802223e-02	-3.32251978e+00	 2.36365599e+04	 0.00000000e+00	 1.4370e+17	 4.9816e-37	 1.0000e+15
 3.290000e+02	 7.07165879e-02	-3.32228341e+00	 2.33671960e+04	 0.00000000e+00	 1.4242e+17	 5.0274e-37	 1.0000e+15
 3.300000e+02	 7.09502598e-02	-3.32204974e+00	 2.31002204e+04	 0.00000000e+00	 1.4116e+17	 5.0730e-37	 1.0000e+15
 3.310000e+02	 7.11812620e-02	-3.32181874e+00	 2.28355856e+04	 0.00000000e+00	 1.3993e+17	 5.1186e-37	 1.0000e+15
 3.320000e+02	 7.14096179e-02	-3.32159038e+00	 2.25732453e+04	 0.00000000e+00	 1.3873e+17	 5.1640e-37	 1.0000e+15
 3.330000e+02	 7.16353503e-02	-3.32136465e+00	 2.23131539e+04	 0.00000000e+00	 1.3755e+17	 5.2093e-37	 1.0000e+15
 3.340000e+02	 7.18584819e-02	-3.32114152e+00	 2.20552673e+04	 0.00000000e+00	 1.3639e+17	 5.2544e-37	 1.0000e+15
 3.350000e+02	 7.20790345e-02	-3.32092097e+00	 2.17995421e+04	 0.00000000e+00	 1.3526e+17	 5.2994e-37	 1.0000e+15
 3.360000e+02	 7.22970300e-02	-3.32070297e+00	 2.15459358e+04	 0.00000000e+00	 1.3414e+17	 5.3443e-37	 1.0000e+15
 3.370000e+02	 7.25124893e-02	-3.32048751e+00	 2.12944072e+04	 0.00000000e+00	 1.3305e+17	 5.3890e-37	 1.0000e+15
 3.380000e+02	 7.27254334e-02	-3.32027457e+00	 2.10449155e+04	 0.00000000e+00	 1.3198e+17	 5.4336e-37	 1.0000e+15
 3.390000e+02	 7.29358825e-02	-3.32006412e+00	 2.07974213e+04	 0.00000000e+00	 1.3093e+17	 5.4780e-37	 1.0000e+15
 3.400000e+02	 7.31438568e-02	-3.31985614e+00	 2.05518858e+04	 0.00000000e+00	 1.2991e+17	 5.5223e-37	 1.0000e+15
 3.410000e+02	 7.33493756e-02	-3.31965062e+00	 2.03082709e+04	 0.00000000e+00	 1.2890e+17	 5.5664e-37	 1.0000e+15
 3.420000e+02	 7.35524583e-02	-3.31944754e+00	 2.00665397e+04	 0.00000000e+00	 1.2791e+17	 5.6103e-37	 1.0000e+15
 3.430000e+02	 7.37531237e-02	-3.31924688e+00	 1.98266556e+04	 0.00000000e+00	 1.2694e+17	 5.6540e-37	 1.0000e+15
 3.440000e+02	 7.39513903e-02	-3.31904861e+00	 1.95885833e+04	 0.00000000e+00	 1.2599e+17	 5.6975e-37	 1.0000e+15
 3.450000e+02	 7.41472761e-02	-3.31885272e+00	 1.93522877e+04	 0.00000000e+00	 1.2506e+17	 5.7408e-37	 1.0000e+15
 3.460000e+02	 7.43407990e-02	-3.31865920e+00	 1.91177350e+04	 0.00000000e+00	 1.2414e+17	 5.7840e-37	 1.0000e+15
 3.470000e+02	 7.45319763e-02	-3.31846802e+00	 1.88848915e+04	 0.00000000e+00	 1.2324e+17	 5.8269e-37	 1.0000e+15
 3.480000e+02	 7.47208253e-02	-3.31827917e+00	 1.86537246e+04	 0.00000000e+00	 1.2236e+17	 5.8696e-37	 1.0000e+15
 3.490000e+02	 7.49073625e-02	-3.31809264e+00	 1.84242023e+04	 0.00000000e+00	 1.2150e+17	 5.9121e-37	 1.0000e+15
 3.500000e+02	 7.50916045e-02	-3.31790840e+00	 1.81962931e+04	 0.00000000e+00	 1.2065e+17	 5.9544e-37	 1.0000e+15
 3.510000e+02	 7.52735675e-02	-3.31772643e+00	 1.79699663e+04	 0.00000000e+00	 1.1982e+17	 5.9965e-37	 1.0000e+15
 3.520000e+02	 7.54532671e-02	-3.31754673e+00	 1.77451916e+04	 0.00000000e+00	 1.1901e+17	 6.0383e-37	 1.0000e+15
 3.530000e+02	 7.56307190e-02	-3.31736928e+00	 1.75219394e+04	 0.00000000e+00	 1.1821e+17	 6.0799e-37	 1.0000e+15
 3.540000e+02	 7.58059384e-02	-3.31719406e+00	 1.73001809e+04	 0.00000000e+00	 1.1742e+17	 6.1212e-37	 1.0000e+15
 3.550000e+02	 7.59789402e-02	-3.31702106e+00	 1.70798874e+04	 0.00000000e+00	 1.1665e+17	 6.1623e-37	 1.0000e+15
 3.560000e+02	 7.61497391e-02	-3.31685026e+00	 1.68610312e+04	 0.00000000e+00	 1.1590e+17	 6.2032e-37	 1.0000e+15
 3.570000e+02	 7.63183494e-02	-3.31668165e+00	 1.66435848e+04	 0.00000000e+00	 1.1516e+17	 6.2438e-37	 1.0000e+15
 3.580000e+02	 7.64847853e-02	-3.31651521e+00	 1.64275213e+04	 0.00000000e+00	 1.1443e+17	 6.2841e-37	 1.0000e+15
 3.590000e+02	 7.66490605e-02	-3.31635094e+00	 1.62128145e+04	 0.00000000e+00	 1.1372e+17	 6.3242e-37	 1.0000e+15
 3.600000e+02	 7.68111886e-02	-3.31618881e+00	 1.59994385e+04	 0.00000000e+00	 1.1302e+17	 6.3639e-37	 1.0000e+15
 3.610000e+02	 7.69711830e-02	-3.31602882e+00	 1.57873678e+04	 0.00000000e+00	 1.1234e+17	 6.4035e-37	 1.0000e+15
 3.620000e+02	 7.71290567e-02	-3.31587094e+00	 1.55765776e+04	 0.00000000e+00	 1.1167e+17	 6.4427e-37	 1.0000e+15
 3.630000e+02	 7.72848225e-02	-3.31571518e+00	 1.53670433e+04	 0.00000000e+00	 1.1101e+17	 6.4816e-37	 1.0000e+15
 3.640000e+02	 7.74384929e-02	-3.31556151e+00	 1.51587409e+04	 0.00000000e+00	 1.1036e+17	 6.5203e-37	 1.0000e+15
 3.650000e+02	 7.75900803e-02	-3.31540992e+00	 1.49516468e+04	 0.00000000e+00	 1.0972e+17	 6.5586e-37	 1.0000e+15
 3.660000e+02	 7.77395968e-02	-3.31526040e+00	 1.47457379e+04	 0.00000000e+00	 1.0910e+17	 6.5966e-37	 1.0000e+15
 3.670000e+02	 7.78870542e-02	-3.31511295e+00	 1.45409912e+04	 0.00000000e+00	 1.0849e+17	 6.6344e-37	 1.0000e+15
 3.680000e+02	 7.80324641e-02	-3.31496754e+00	 1.43373845e+04	 0.00000000e+00	 1.0789e+17	 6.6718e-37	 1.0000e+15
 3.690000e+02	 7.81758379e-02	-3.31482416e+00	 1.41348957e+04	 0.00000000e+00	 1.0731e+17	 6.7089e-37	 1.0000e+15
 3.700000e+02	 7.83171869e-02	-3.31468281e+00	 1.39335031e+04	 0.00000000e+00	 1.0673e+17	 6.7457e-37	 1.0000e+15
 3.710000e+02	 7.84565219e-02	-3.31454348e+00	 1.37331855e+04	 0.00000000e+00	 1.0617e+17	 6.7821e-37	 1.0000e+15
 3.720000e+02	 7.85938538e-02	-3.31440615e+00	 1.35339219e+04	 0.00000000e+00	 1.0561e+17	 6.8183e-37	 1.0000e+15
 3.730000e+02	 7.87291930e-02	-3.31427081e+00	 1.33356918e+04	 0.00000000e+00	 1.0507e+17	 6.8541e-37	 1.0000e+15
 3.740000e+02	 7.88625499e-02	-3.31413745e+00	 1.31384750e+04	 0.00000000e+00	 1.0454e+17	 6.8895e-37	 1.0000e+15
 3.750000e+02	 7.89939346e-02	-3.31400607e+00	 1.29422514e+04	 0.00000000e+00	 1.0402e+17	 6.9246e-37	 1.0000e+15
 3.760000e+02	 7.91233572e-02	-3.31387664e+00	 1.27470015e+04	 0.00000000e+00	 1.0351e+17	 6.9594e-37	 1.0000e+15
 3.770000e+02	 7.92508272e-02	-3.31374917e+00	 1.25527060e+04	 0.00000000e+00	 1.0301e+17	 6.9938e-37	 1.0000e+15
 3.780000e+02	 7.93763542e-02	-3.31362365e+00	 1.23593459e+04	 0.00000000e+00	 1.0251e+17	 7.0278e-37	 1.0000e+15
 3.790000e+02	 7.94999477e-02	-3.31350005e+00	 1.21669026e+04	 0.00000000e+00	 1.0203e+17	 7.0615e-37	 1.0000e+15
 3.800000e+02	 7.96216167e-02	-3.31337838e+00	 1.19753575e+04	 0.00000000e+00	 1.0156e+17	 7.0948e-37	 1.0000e+15
 3.810000e+02	 7.97413703e-02	-3.31325863e+00	 1.17846926e+04	 0.00000000e+00	 1.0110e+17	 7.1277e-37	 1.0000e+15
 3.820000e+02	 7.98592172e-02	-3.31314078e+00	 1.15948901e+04	 0.00000000e+00	 1.0065e+17	 7.1603e-37	 1.0000e+15
 3.830000e+02	 7.99751661e-02	-3.31302483e+00	 1.14059322e+04	 0.00000000e+00	 1.0020e+17	 7.1925e-37	 1.0000e+15
 3.840000e+02	 8.00892254e-02	-3.31291077e+00	 1.12178017e+04	 0.00000000e+00	 9.9769e+16	 7.2243e-37	 1.0000e+15
 3.850000e+02	 8.02014035e-02	-3.31279860e+00	 1.10304814e+04	 0.00000000e+00	 9.9343e+16	 7.2557e-37	 1.0000e+15
 3.860000e+02	 8.03117083e-02	-3.31268829e+00	 1.08439546e+04	 0.00000000e+00	 9.8927e+16	 7.2867e-37	 1.0000e+15
 3.870000e+02	 8.04201478e-02	-3.31257985e+00	 1.06582046e+04	 0.00000000e+00	 9.8519e+16	 7.3174e-37	 1.0000e+15
 3.880000e+02	 8.05267299e-02	-3.31247327e+00	 1.04732150e+04	 0.00000000e+00	 9.8120e+16	 7.3476e-37	 1.0000e+15
 3.890000e+02	 8.06314620e-02	-3.31236854e+00	 1.02889697e+04	 0.00000000e+00	 9.7729e+16	 7.3774e-37	 1.0000e+15
 3.900000e+02	 8.07343517e-02	-3.31226565e+00	 1.01054527e+04	 0.00000000e+00	 9.7347e+16	 7.4068e-37	 1.0000e+15
 3.910000e+02	 8.08354062e-02	-3.31216459e+00	 9.92264840e+03	 0.00000000e+00	 9.6973e+16	 7.4358e-37	 1.0000e+15
 3.920000e+02	 8.09346327e-02	-3.31206537e+00	 9.74054117e+03	 0.00000000e+00	 9.6607e+16	 7.4644e-37	 1.0000e+15
 3.930000e+02	 8.10320381e-02	-3.31196796e+00	 9.55911571e+03	 0.00000000e+00	 9.6249e+16	 7.4926e-37	 1.0000e+15
 3.940000e+02	 8.11276293e-02	-3.31187237e+00	 9.37835693e+03	 0.00000000e+00	 9.5899e+16	 7.5204e-37	 1.0000e+15
 3.950000e+02	 8.12214129e-02	-3.31177859e+00	 9.19824988e+03	 0.00000000e+00	 9.5556e+16	 7.5477e-37	 1.0000e+15
 3.960000e+02	 8.13133954e-02	-3.31168660e+00	 9.01877983e+03	 0.00000000e+00	 9.5222e+16	 7.5746e-37	 1.0000e+15
 3.970000e+02	 8.14035832e-02	-3.31159642e+00	 8.83993222e+03	 0.00000000e+00	 9.4895e+16	 7.6011e-37	 1.0000e+15
 3.980000e+02	 8.14919825e-02	-3.31150802e+00	 8.66169266e+03	 0.00000000e+00	 9.4576e+16	 7.6271e-37	 1.0000e+15
 3.990000e+02	 8.15785994e-02	-3.31142140e+00	 8.48404693e+03	 0.00000000e+00	 9.4264e+16	 7.6527e-37	 1.0000e+15
 4.000000e+02	 8.16634399e-02	-3.31133656e+00	 8.30698098e+03	 0.00000000e+00	 9.3960e+16	 7.6779e-37	 1.0000e+15
 4.010000e+02	 8.17465097e-02	-3.31125349e+00	 8.13048094e+03	 0.00000000e+00	 9.3663e+16	 7.7026e-37	 1.0000e+15
 4.020000e+02	 8.18278145e-02	-3.31117219e+00	 7.95453306e+03	 0.00000000e+00	 9.3373e+16	 7.7268e-37	 1.0000e+15
 4.030000e+02	 8.19073598e-02	-3.31109264e+00	 7.77912376e+03	 0.00000000e+00	 9.3090e+16	 7.7507e-37	 1.0000e+15
 4.040000e+02	 8.19851511e-02	-3.31101485e+00	 7.60423962e+03	 0.00000000e+00	 9.2814e+16	 7.7740e-37	 1.0000e+15
 4.050000e+02	 8.20611935e-02	-3.31093881e+00	 7.42986734e+03	 0.00000000e+00	 9.2546e+16	 7.7969e-37	 1.0000e+15
 4.060000e+02	 8.21354921e-02	-3.31086451e+00	 7.25599378e+03	 0.00000000e+00	 9.2284e+16	 7.8194e-37	 1.0000e+15
 4.070000e+02	 8.22080521e-02	-3.31079195e+00	 7.08260593e+03	 0.00000000e+00	 9.2029e+16	 7.8413e-37	 1.0000e+15
 4.080000e+02	 8.22788781e-02	-3.31072112e+00	 6.90969089e+03	 0.00000000e+00	 9.1781e+16	 7.8628e-37	 1.0000e+15
 4.090000e+02	 8.23479750e-02	-3.31065202e+00	 6.73723593e+03	 0.00000000e+00	 9.1539e+16	 7.8839e-37	 1.0000e+15
 4.100000e+02	 8.24153474e-02	-3.31058465e+00	 6.56522839e+03	 0.00000000e+00	 9.1304e+16	 7.9045e-37	 1.0000e+15
 4.110000e+02	 8.24809997e-02	-3.31051900e+00	 6.39365578e+03	 0.00000000e+00	 9.1076e+16	 7.9246e-37	 1.0000e+15
 4.120000e+02	 8.25449362e-02	-3.31045506e+00	 6.22250569e+03	 0.00000000e+00	 9.0854e+16	 7.9442e-37	 1.0000e+15
 4.130000e+02	 8.26071613e-02	-3.31039284e+00	 6.05176584e+03	 0.00000000e+00	 9.0639e+16	 7.9633e-37	 1.0000e+15
 4.140000e+02	 8.26676790e-02	-3.31033232e+00	 5.88142406e+03	 0.00000000e+00	 9.0430e+16	 7.9820e-37	 1.0000e+15
 4.150000e+02	 8.27264932e-02	-3.31027351e+00	 5.71146827e+03	 0.00000000e+00	 9.0227e+16	 8.0002e-37	 1.0000e+15
 4.160000e+02	 8.27836079e-02	-3.31021639e+00	 5.54188649e+03	 0.00000000e+00	 9.0031e+16	 8.0179e-37	 1.0000e+15
 4.170000e+02	 8.28390267e-02	-3.31016097e+00	 5.37266687e+03	 0.00000000e+00	 8.9841e+16	 8.0351e-37	 1.0000e+15
 4.180000e+02	 8.28927534e-02	-3.31010725e+00	 5.20379762e+03	 0.00000000e+00	 8.9657e+16	 8.0518e-37	 1.0000e+15
 4.190000e+02	 8.29447914e-02	-3.31005521e+00	 5.03526705e+03	 0.00000000e+00	 8.9479e+16	 8.0680e-37	 1.0000e+15
 4.200000e+02	 8.29951441e-02	-3.31000486e+00	 4.86706356e+03	 0.00000000e+00	 8.9307e+16	 8.0837e-37	 1.0000e+15
 4.210000e+02	 8.30438147e-02	-3.30995619e+00	 4.69917565e+03	 0.00000000e+00	 8.9141e+16	 8.0990e-37	 1.0000e+15
 4.220000e+02	 8.30908065e-02	-3.30990919e+00	 4.53159187e+03	 0.00000000e+00	 8.8982e+16	 8.1137e-37	 1.0000e+15
 4.230000e+02	 8.31361224e-02	-3.30986388e+00	 4.36430087e+03	 0.00000000e+00	 8.8828e+16	 8.1279e-37	 1.0000e+15
 4.240000e+02	 8.31797654e-02	-3.30982023e+00	 4.19729137e+03	 0.00000000e+00	 8.8680e+16	 8.1417e-37	 1.0000e+15
 4.250000e+02	 8.32217383e-02	-3.30977826e+00	 4.03055217e+03	 0.00000000e+00	 8.8538e+16	 8.1549e-37	 1.0000e+15
 4.260000e+02	 8.32620438e-02	-3.30973796e+00	 3.86407212e+03	 0.00000000e+00	 8.8402e+16	 8.1676e-37	 1.0000e+15
 4.270000e+02	 8.33006845e-02	-3.30969932e+00	 3.69784015e+03	 0.00000000e+00	 8.8272e+16	 8.1799e-37	 1.0000e+15
 4.280000e+02	 8.33376629e-02	-3.30966234e+00	 3.53184525e+03	 0.00000000e+00	 8.8148e+16	 8.1916e-37	 1.0000e+15
 4.290000e+02	 8.33729814e-02	-3.30962702e+00	 3.36607647e+03	 0.00000000e+00	 8.8029e+16	 8.2028e-37	 1.0000e+15
 4.300000e+02	 8.34066422e-02	-3.30959336e+00	 3.20052292e+03	 0.00000000e+00	 8.7916e+16	 8.2134e-37	 1.0000e+15
 4.310000e+02	 8.34386474e-02	-3.30956135e+00	 3.03517376e+03	 0.00000000e+00	 8.7809e+16	 8.2236e-37	 1.0000e+15
 4.320000e+02	 8.34689991e-02	-3.30953100e+00	 2.87001820e+03	 0.00000000e+00	 8.7707e+16	 8.2333e-37	 1.0000e+15
 4.330000e+02	 8.34976993e-02	-3.30950230e+00	 2.70504550e+03	 0.00000000e+00	 8.7611e+16	 8.2424e-37	 1.0000e+15
 4.340000e+02	 8.35247498e-02	-3.30947525e+00	 2.54024498e+03	 0.00000000e+00	 8.7521e+16	 8.2511e-37	 1.0000e+15
 4.350000e+02	 8.35501522e-02	-3.30944985e+00	 2.37560599e+03	 0.00000000e+00	 8.7436e+16	 8.2592e-37	 1.0000e+15
 4.360000e+02	 8.35739083e-02	-3.30942609e+00	 2.21111791e+03	 0.00000000e+00	 8.7357e+16	 8.2668e-37	 1.0000e+15
 4.370000e+02	 8.35960194e-02	-3.30940398e+00	 2.04677017e+03	 0.00000000e+00	 8.7283e+16	 8.2738e-37	 1.0000e+15
 4.380000e+02	 8.36164871e-02	-3.30938351e+00	 1.88255224e+03	 0.00000000e+00	 8.7215e+16	 8.2804e-37	 1.0000e+15
 4.390000e+02	 8.36353127e-02	-3.30936469e+00	 1.71845362e+03	 0.00000000e+00	 8.7152e+16	 8.2864e-37	 1.0000e+15
 4.400000e+02	 8.36524972e-02	-3.30934750e+00	 1.55446383e+03	 0.00000000e+00	 8.7095e+16	 8.2919e-37	 1.0000e+15
 4.410000e+02	 8.36680418e-02	-3.30933196e+00	 1.39057243e+03	 0.00000000e+00	 8.7043e+16	 8.2969e-37	 1.0000e+15
 4.420000e+02	 8.36819476e-02	-3.30931805e+00	 1.22676899e+03	 0.00000000e+00	 8.6997e+16	 8.3014e-37	 1.0000e+15
 4.430000e+02	 8.36942153e-02	-3.30930578e+00	 1.06304312e+03	 0.00000000e+00	 8.6956e+16	 8.3053e-37	 1.0000e+15
 4.440000e+02	 8.37048457e-02	-3.30929515e+00	 8.99384425e+02	 0.00000000e+00	 8.6921e+16	 8.3087e-37	 1.0000e+15
 4.450000e+02	 8.37138395e-02	-3.30928616e+00	 7.35782553e+02	 0.00000000e+00	 8.6891e+16	 8.3116e-37	 1.0000e+15
 4.460000e+02	 8.37211974e-02	-3.30927880e+00	 5.72227150e+02	 0.00000000e+00	 8.6867e+16	 8.3140e-37	 1.0000e+15
 4.470000e+02	 8.37269196e-02	-3.30927308e+00	 4.08707879e+02	 0.00000000e+00	 8.6848e+16	 8.3158e-37	 1.0000e+15
 4.480000e+02	 8.37310067e-02	-3.30926899e+00	 2.45214409e+02	 0.00000000e+00	 8.6834e+16	 8.3171e-37	 1.0000e+15
 4.490000e+02	 8.37334589e-02	-3.30926654e+00	 8.17364165e+01	 0.00000000e+00	 8.6826e+16	 8.3179e-37	 1.0000e+15
 4.500000e+02	 8.37342762e-02	-3.30926572e+00	 8.17364165e+01	 0.00000000e+00	 8.6824e+16	 8.3182e-37	 1.0000e+15
