[0, 0, 0]
Base Voltage_1 (1)	Base Current_1 (1)	Collector Voltage_2 (1)	Collector Current_2 (1)
+2.999384E-01	+1.488210E-08	+3.500563E-01	+5.632590E-10
+3.032962E-01	+1.650406E-08	+3.534133E-01	+6.413761E-10
+3.065847E-01	+1.837734E-08	+3.567013E-01	+7.037795E-10
+3.099379E-01	+2.020735E-08	+3.600569E-01	+8.328530E-10
+3.132972E-01	+2.246458E-08	+3.634109E-01	+9.486727E-10
+3.165803E-01	+2.490969E-08	+3.667017E-01	+1.076391E-09
+3.199357E-01	+2.768355E-08	+3.700572E-01	+1.229362E-09
+3.232937E-01	+3.082854E-08	+3.734125E-01	+1.407435E-09
+3.265797E-01	+3.424350E-08	+3.767015E-01	+1.595748E-09
+3.299384E-01	+3.812615E-08	+3.800577E-01	+1.819706E-09
+3.332919E-01	+4.253706E-08	+3.834162E-01	+2.073135E-09
+3.365777E-01	+4.735946E-08	+3.867374E-01	+2.369085E-09
+3.399453E-01	+5.290020E-08	+3.900586E-01	+2.695711E-09
+3.432975E-01	+5.903265E-08	+3.934177E-01	+3.074147E-09
+3.465852E-01	+6.576511E-08	+3.967367E-01	+3.498417E-09
+3.499459E-01	+7.356207E-08	+4.000921E-01	+3.988905E-09
+3.533030E-01	+8.225575E-08	+4.034157E-01	+4.550886E-09
+3.565888E-01	+9.187158E-08	+4.067394E-01	+5.171203E-09
+3.599410E-01	+1.028204E-07	+4.100954E-01	+5.897051E-09
+3.632994E-01	+1.150580E-07	+4.134513E-01	+6.735604E-09
+3.666231E-01	+1.288465E-07	+4.167377E-01	+7.662210E-09
+3.699413E-01	+1.442705E-07	+4.200921E-01	+8.722465E-09
+3.732979E-01	+1.617225E-07	+4.234444E-01	+9.941800E-09
+3.766237E-01	+1.812692E-07	+4.267336E-01	+1.132432E-08
+3.799424E-01	+2.030032E-07	+4.300837E-01	+1.290111E-08
+3.833050E-01	+2.278962E-07	+4.334362E-01	+1.469370E-08
+3.866228E-01	+2.553871E-07	+4.367225E-01	+1.674154E-08
+3.899450E-01	+2.863335E-07	+4.400748E-01	+1.904766E-08
+3.933047E-01	+3.212293E-07	+4.434277E-01	+2.170524E-08
+3.966244E-01	+3.602742E-07	+4.467142E-01	+2.470833E-08
+3.999493E-01	+4.038962E-07	+4.500722E-01	+2.815577E-08
+4.033004E-01	+4.534794E-07	+4.534247E-01	+3.205356E-08
+4.066260E-01	+5.086204E-07	+4.567439E-01	+3.649415E-08
+4.099501E-01	+5.698773E-07	+4.600610E-01	+4.153766E-08
+4.133076E-01	+6.396043E-07	+4.634160E-01	+4.731665E-08
+4.166365E-01	+7.168012E-07	+4.667342E-01	+5.388274E-08
+4.199617E-01	+8.035497E-07	+4.700876E-01	+6.132964E-08
+4.233172E-01	+9.005104E-07	+4.734088E-01	+6.992929E-08
+4.266461E-01	+1.008833E-06	+4.767273E-01	+7.960725E-08
+4.299303E-01	+1.128435E-06	+4.800812E-01	+9.054735E-08
+4.332861E-01	+1.263874E-06	+4.834244E-01	+1.031783E-07
+4.366121E-01	+1.413000E-06	+4.867103E-01	+1.174209E-07
+4.399667E-01	+1.581160E-06	+4.900653E-01	+1.337674E-07
+4.432900E-01	+1.767029E-06	+4.934174E-01	+1.522340E-07
+4.466115E-01	+1.971462E-06	+4.967057E-01	+1.732313E-07
+4.499635E-01	+2.201973E-06	+5.000582E-01	+1.973496E-07
+4.532905E-01	+2.454103E-06	+5.034145E-01	+2.246216E-07
+4.566088E-01	+2.733354E-06	+5.066965E-01	+2.556057E-07
+4.599689E-01	+3.046365E-06	+5.100510E-01	+2.909443E-07
+4.632933E-01	+3.388141E-06	+5.134023E-01	+3.309897E-07
+4.666126E-01	+3.764701E-06	+5.166894E-01	+3.765659E-07
+4.699742E-01	+4.185736E-06	+5.200468E-01	+4.290260E-07
+4.732916E-01	+4.641872E-06	+5.234011E-01	+4.878672E-07
+4.766166E-01	+5.144891E-06	+5.266887E-01	+5.547718E-07
+4.799832E-01	+5.706651E-06	+5.300425E-01	+6.322382E-07
+4.833069E-01	+6.314726E-06	+5.333988E-01	+7.189266E-07
+4.866343E-01	+6.979790E-06	+5.367168E-01	+8.175896E-07
+4.899933E-01	+7.716189E-06	+5.400395E-01	+9.308537E-07
+4.933138E-01	+8.514891E-06	+5.433754E-01	+1.057896E-06
+4.966392E-01	+9.386534E-06	+5.466939E-01	+1.203210E-06
+4.999991E-01	+1.034948E-05	+5.500481E-01	+1.368854E-06
+5.032884E-01	+1.138232E-05	+5.533670E-01	+1.554803E-06
+5.066106E-01	+1.251712E-05	+5.566927E-01	+1.767134E-06
+5.099611E-01	+1.376486E-05	+5.600516E-01	+2.010380E-06
+5.132862E-01	+1.511772E-05	+5.634080E-01	+2.283317E-06
+5.166034E-01	+1.658481E-05	+5.666965E-01	+2.593887E-06
+5.199606E-01	+1.820954E-05	+5.700541E-01	+2.950352E-06
+5.233206E-01	+1.997554E-05	+5.734084E-01	+3.355984E-06
+5.266066E-01	+2.185836E-05	+5.767004E-01	+3.805727E-06
+5.299637E-01	+2.395348E-05	+5.800534E-01	+4.327017E-06
+5.333215E-01	+2.623453E-05	+5.834125E-01	+4.921135E-06
+5.366091E-01	+2.866152E-05	+5.866998E-01	+5.576661E-06
+5.399643E-01	+3.136761E-05	+5.900624E-01	+6.338588E-06
+5.433195E-01	+3.430491E-05	+5.934204E-01	+7.201975E-06
+5.466080E-01	+3.744283E-05	+5.967113E-01	+8.160230E-06
+5.499675E-01	+4.091985E-05	+6.000679E-01	+9.271401E-06
+5.533198E-01	+4.469787E-05	+6.034141E-01	+1.052622E-05
+5.566124E-01	+4.872459E-05	+6.067307E-01	+1.192652E-05
+5.599664E-01	+5.317467E-05	+6.100520E-01	+1.353835E-05
+5.633254E-01	+5.800762E-05	+6.134117E-01	+1.536661E-05
+5.666172E-01	+6.313769E-05	+6.167299E-01	+1.739842E-05
+5.699738E-01	+6.879311E-05	+6.200908E-01	+1.973676E-05
+5.733350E-01	+7.491680E-05	+6.234112E-01	+2.238953E-05
+5.766257E-01	+8.139344E-05	+6.267264E-01	+2.533117E-05
+5.799809E-01	+8.850912E-05	+6.300865E-01	+2.871139E-05
+5.833395E-01	+9.618609E-05	+6.334416E-01	+3.254295E-05
+5.866255E-01	+1.042663E-04	+6.367333E-01	+3.677893E-05
+5.899486E-01	+1.130829E-04	+6.400891E-01	+4.163348E-05
+5.933086E-01	+1.226191E-04	+6.434422E-01	+4.714333E-05
+5.965949E-01	+1.326078E-04	+6.467329E-01	+5.321695E-05
+5.999480E-01	+1.435494E-04	+6.500885E-01	+6.021607E-05
+6.033025E-01	+1.552475E-04	+6.534472E-01	+6.808648E-05
+6.065946E-01	+1.675246E-04	+6.567389E-01	+7.677925E-05
+6.099514E-01	+1.809115E-04	+6.600978E-01	+8.675657E-05
+6.133043E-01	+1.951949E-04	+6.634603E-01	+9.795033E-05
+6.166010E-01	+2.102034E-04	+6.667280E-01	+1.103069E-04
+6.199573E-01	+2.264758E-04	+6.700844E-01	+1.244272E-04
+6.233129E-01	+2.438333E-04	+6.734426E-01	+1.402411E-04
+6.266055E-01	+2.620066E-04	+6.767293E-01	+1.576222E-04
+6.299585E-01	+2.817141E-04	+6.800853E-01	+1.773935E-04
+6.333173E-01	+3.027755E-04	+6.834449E-01	+1.995647E-04
+6.366038E-01	+3.247542E-04	+6.867652E-01	+2.237986E-04
+6.399588E-01	+3.486101E-04	+6.900890E-01	+2.513171E-04
+6.433173E-01	+3.740994E-04	+6.934448E-01	+2.820714E-04
+6.466020E-01	+4.006248E-04	+6.967668E-01	+3.155012E-04
+6.499607E-01	+4.295188E-04	+7.001231E-01	+3.534616E-04
+6.533163E-01	+4.602800E-04	+7.034371E-01	+3.955896E-04
+6.566035E-01	+4.923453E-04	+7.067612E-01	+4.413111E-04
+6.599643E-01	+5.272694E-04	+7.101160E-01	+4.930368E-04
+6.633227E-01	+5.644568E-04	+7.134693E-01	+5.502565E-04
+6.666075E-01	+6.031617E-04	+7.167577E-01	+6.119988E-04
+6.699696E-01	+6.453167E-04	+7.201110E-01	+6.816093E-04
+6.733214E-01	+6.901217E-04	+7.234635E-01	+7.581480E-04
+6.766153E-01	+7.369447E-04	+7.267478E-01	+8.407323E-04
+6.799703E-01	+7.877651E-04	+7.301063E-01	+9.331332E-04
+6.833240E-01	+8.418171E-04	+7.334623E-01	+1.034401E-03
+6.866126E-01	+8.987106E-04	+7.367321E-01	+1.142729E-03
+6.899687E-01	+9.593342E-04	+7.400824E-01	+1.263866E-03
+6.933283E-01	+1.024638E-03	+7.434357E-01	+1.396269E-03
+6.965849E-01	+1.092648E-03	+7.467196E-01	+1.537436E-03
+6.999359E-01	+1.166280E-03	+7.500739E-01	+1.693743E-03
+7.032953E-01	+1.244850E-03	+7.534311E-01	+1.863978E-03
+7.065856E-01	+1.326726E-03	+7.567490E-01	+2.044715E-03
+7.099370E-01	+1.415405E-03	+7.600684E-01	+2.244061E-03
+7.132963E-01	+1.510004E-03	+7.634175E-01	+2.459990E-03
+7.165818E-01	+1.608385E-03	+7.667322E-01	+2.687763E-03
+7.199414E-01	+1.715242E-03	+7.700866E-01	+2.938367E-03
+7.232935E-01	+1.828845E-03	+7.734057E-01	+3.207768E-03
+7.265781E-01	+1.947056E-03	+7.767265E-01	+3.490846E-03
+7.299388E-01	+2.075553E-03	+7.800770E-01	+3.800815E-03
+7.332935E-01	+2.211870E-03	+7.834336E-01	+4.132011E-03
+7.365783E-01	+2.354005E-03	+7.867184E-01	+4.479063E-03
+7.399406E-01	+2.508071E-03	+7.900745E-01	+4.856341E-03
+7.432919E-01	+2.671663E-03	+7.934284E-01	+5.257592E-03
+7.465832E-01	+2.842143E-03	+7.967092E-01	+5.675832E-03
+7.499402E-01	+3.026679E-03	+8.000675E-01	+6.128055E-03
+7.532939E-01	+3.222293E-03	+8.034208E-01	+6.606167E-03
+7.565949E-01	+3.426693E-03	+8.067073E-01	+7.103708E-03
+7.599433E-01	+3.646768E-03	+8.100616E-01	+7.636357E-03
+7.633024E-01	+3.880716E-03	+8.134162E-01	+8.198957E-03
+7.665961E-01	+4.123793E-03	+8.166982E-01	+8.778451E-03
+7.699472E-01	+4.385689E-03	+8.200528E-01	+9.397075E-03
+7.733065E-01	+4.663834E-03	+8.234094E-01	+1.004711E-02
+7.765933E-01	+4.944416E-03	+8.267096E-01	+1.069000E-02
+7.799495E-01	+5.256922E-03	+8.300285E-01	+1.140966E-02
+7.833110E-01	+5.588123E-03	+8.333820E-01	+1.215288E-02
+7.865955E-01	+5.929057E-03	+8.367044E-01	+1.290749E-02
+7.899544E-01	+6.295820E-03	+8.400624E-01	+1.370697E-02
+7.933131E-01	+6.682589E-03	+8.433850E-01	+1.453582E-02
+7.965953E-01	+7.081465E-03	+8.467056E-01	+1.537605E-02
+7.999600E-01	+7.510345E-03	+8.500628E-01	+1.626318E-02

