[0, 0, 0]
V_CE_1 (1)	I_C_1 (1)	V_BE_2 (1)	I_B_2 (1)	V_CE_1 (2)	I_C_1 (2)	V_BE_2 (2)	I_B_2 (2)	V_CE_1 (3)	I_C_1 (3)	V_BE_2 (3)	I_B_2 (3)	V_CE_1 (4)	I_C_1 (4)	V_BE_2 (4)	I_B_2 (4)	V_CE_1 (5)	I_C_1 (5)	V_BE_2 (5)	I_B_2 (5)
-3.583697E-04	-6.665390E-09	+2.699033E-01	+5.236800E-07	-1.467321E-03	-4.805418E-04	+6.547072E-01	+5.004900E-04	+4.077414E-03	-7.024129E-04	+6.490846E-01	+1.000362E-03	-5.600181E-04	-1.375274E-03	+6.531128E-01	+1.500418E-03	-1.567127E-04	-1.758763E-03	+6.545509E-01	+1.999501E-03
+5.377627E-02	+4.246167E-08	+3.693877E-01	-7.857679E-08	+4.883733E-02	+1.435986E-03	+7.009723E-01	+5.009023E-04	+4.873400E-02	+3.178982E-03	+6.951200E-01	+9.998757E-04	+4.984617E-02	+4.467516E-03	+6.962343E-01	+1.500133E-03	+5.024979E-02	+5.390563E-03	+6.961234E-01	+2.000525E-03
+9.965036E-02	-8.640752E-08	+4.228209E-01	-4.298310E-07	+1.000529E-01	+7.006015E-03	+7.388705E-01	+5.010350E-04	+1.000536E-01	+1.137724E-02	+7.321058E-01	+1.000521E-03	+1.000529E-01	+1.427295E-02	+7.312553E-01	+1.499875E-03	+9.883235E-02	+1.634100E-02	+7.304711E-01	+2.000733E-03
+1.487409E-01	+1.110530E-07	+4.741242E-01	+2.183377E-08	+1.491442E-01	+1.525363E-02	+7.658880E-01	+5.009884E-04	+1.497555E-01	+2.183211E-02	+7.589371E-01	+1.000005E-03	+1.492450E-01	+2.609004E-02	+7.578607E-01	+1.500398E-03	+1.495496E-01	+2.911466E-02	+7.566639E-01	+2.001744E-03
+1.994560E-01	+2.631283E-06	+5.242035E-01	+1.222121E-07	+1.994431E-01	+2.370922E-02	+7.842115E-01	+4.994975E-04	+2.000493E-01	+3.251167E-02	+7.787722E-01	+1.000105E-03	+1.986309E-01	+3.823353E-02	+7.787797E-01	+1.500519E-03	+1.992400E-01	+4.234844E-02	+7.777159E-01	+2.000561E-03
+2.493645E-01	+3.734774E-06	+5.445700E-01	+5.236886E-07	+2.503673E-01	+3.033034E-02	+7.952570E-01	+5.001279E-04	+2.488300E-01	+4.153592E-02	+7.924315E-01	+9.999763E-04	+2.486392E-01	+4.898137E-02	+7.937158E-01	+1.500551E-03	+2.489344E-01	+5.440622E-02	+7.938122E-01	+2.000926E-03
+2.975527E-01	+6.853565E-06	+5.513397E-01	+7.201862E-08	+2.998672E-01	+3.468109E-02	+8.012331E-01	+5.008450E-04	+3.001696E-01	+4.822368E-02	+8.014351E-01	+1.000227E-03	+2.998672E-01	+5.755412E-02	+8.042474E-01	+1.499849E-03	+3.000775E-01	+6.451776E-02	+8.057618E-01	+2.000683E-03
+3.490597E-01	+9.310686E-06	+5.505725E-01	-7.855743E-08	+3.487372E-01	+3.714031E-02	+8.037928E-01	+5.002427E-04	+3.496595E-01	+5.247718E-02	+8.062433E-01	+9.993743E-04	+3.490421E-01	+6.337842E-02	+8.107295E-01	+1.499304E-03	+3.500603E-01	+7.186522E-02	+8.136439E-01	+1.999637E-03
+4.002526E-01	+9.899590E-06	+5.519801E-01	+9.753585E-07	+3.997658E-01	+3.863741E-02	+8.046015E-01	+4.992931E-04	+3.996707E-01	+5.503641E-02	+8.094903E-01	+1.000069E-03	+4.001719E-01	+6.703933E-02	+8.150757E-01	+1.500032E-03	+3.997658E-01	+7.670725E-02	+8.191168E-01	+2.000761E-03
+4.503865E-01	+7.972208E-06	+5.523124E-01	-1.287756E-07	+4.498760E-01	+3.969930E-02	+8.052096E-01	+5.001496E-04	+4.499606E-01	+5.663447E-02	+8.109454E-01	+1.000320E-03	+4.490694E-01	+6.928497E-02	+8.173819E-01	+1.500215E-03	+4.500937E-01	+7.969616E-02	+8.216069E-01	+1.999322E-03
+4.987849E-01	+8.011869E-06	+5.516954E-01	-7.811684E-07	+4.991560E-01	+4.061960E-02	+8.052699E-01	+5.001997E-04	+4.993683E-01	+5.779529E-02	+8.119364E-01	+1.000442E-03	+4.999911E-01	+7.081097E-02	+8.191594E-01	+1.500469E-03	+5.001641E-01	+8.163923E-02	+8.239895E-01	+2.000554E-03
+5.470487E-01	+8.542298E-06	+5.514370E-01	-5.301921E-07	+5.500770E-01	+4.148627E-02	+8.050977E-01	+5.004687E-04	+5.498753E-01	+5.874575E-02	+8.129867E-01	+1.000399E-03	+5.501935E-01	+7.194944E-02	+8.199801E-01	+1.500143E-03	+5.493359E-01	+8.301950E-02	+8.252218E-01	+2.001400E-03
+5.987608E-01	+9.255315E-06	+5.514724E-01	+2.183234E-08	+6.000842E-01	+4.233927E-02	+8.052858E-01	+5.005796E-04	+5.996594E-01	+5.960330E-02	+8.135229E-01	+1.001632E-03	+5.997689E-01	+7.289630E-02	+8.207756E-01	+1.500011E-03	+5.998697E-01	+8.412075E-02	+8.261838E-01	+2.000368E-03
+6.539183E-01	+8.451798E-06	+5.520568E-01	+9.251435E-07	+6.494965E-01	+4.316568E-02	+8.054395E-01	+5.004181E-04	+6.496888E-01	+6.041723E-02	+8.138267E-01	+1.000220E-03	+6.492670E-01	+7.374696E-02	+8.212064E-01	+1.499133E-03	+6.495647E-01	+8.505446E-02	+8.268114E-01	+2.000654E-03
+7.007914E-01	+8.627772E-06	+5.516564E-01	-8.312431E-07	+7.001865E-01	+4.399144E-02	+8.051537E-01	+4.999203E-04	+6.997933E-01	+6.121299E-02	+8.141628E-01	+9.994096E-04	+6.985035E-01	+7.453632E-02	+8.221304E-01	+1.500472E-03	+6.996824E-01	+8.590041E-02	+8.277209E-01	+2.000911E-03
+7.461516E-01	+8.637116E-06	+5.502228E-01	+4.232996E-07	+7.492714E-01	+4.479561E-02	+8.048553E-01	+4.998092E-04	+7.495159E-01	+6.199792E-02	+8.145844E-01	+9.998613E-04	+7.495792E-01	+7.531378E-02	+8.222679E-01	+1.499617E-03	+7.498978E-01	+8.668832E-02	+8.279988E-01	+2.001192E-03
+8.000630E-01	+8.771028E-06	+5.520833E-01	+7.199927E-08	+8.002932E-01	+4.558494E-02	+8.046488E-01	+4.995298E-04	+7.995818E-01	+6.276486E-02	+8.147412E-01	+9.995318E-04	+7.998956E-01	+7.606777E-02	+8.229532E-01	+1.500064E-03	+8.001924E-01	+8.743597E-02	+8.283111E-01	+1.999996E-03
+8.534456E-01	+9.514031E-06	+5.518779E-01	+2.727699E-07	+8.499110E-01	+4.635800E-02	+8.047551E-01	+4.995330E-04	+8.494896E-01	+6.352628E-02	+8.152120E-01	+1.000019E-03	+8.494835E-01	+7.679641E-02	+8.230134E-01	+1.500968E-03	+8.497095E-01	+8.816002E-02	+8.288475E-01	+2.001178E-03
+9.023153E-01	+9.256257E-06	+5.520510E-01	+7.199712E-08	+8.994989E-01	+4.711932E-02	+8.045427E-01	+4.995010E-04	+8.998829E-01	+6.428634E-02	+8.151427E-01	+9.996824E-04	+9.003118E-01	+7.752779E-02	+8.231713E-01	+1.499617E-03	+8.995740E-01	+8.886530E-02	+8.293096E-01	+2.000768E-03
+9.499383E-01	+8.926624E-06	+5.509784E-01	+6.240589E-07	+9.489710E-01	+4.785727E-02	+8.045802E-01	+5.000132E-04	+9.499666E-01	+6.503473E-02	+8.156051E-01	+1.000385E-03	+9.497038E-01	+7.823681E-02	+8.231544E-01	+1.499079E-03	+9.495962E-01	+8.956166E-02	+8.294356E-01	+2.000590E-03
+9.998658E-01	+9.285054E-06	+5.513849E-01	+1.221978E-07	+1.000291E+00	+4.859035E-02	+8.046793E-01	+5.004826E-04	+9.995992E-01	+6.576536E-02	+8.156394E-01	+1.000578E-03	+9.992324E-01	+7.893118E-02	+8.237102E-01	+1.500154E-03	+1.000103E+00	+9.024200E-02	+8.296829E-01	+2.000282E-03
+1.048881E+00	+9.790693E-06	+5.515244E-01	+7.746153E-07	+1.049191E+00	+4.929975E-02	+8.041168E-01	+4.994543E-04	+1.049640E+00	+6.649040E-02	+8.155268E-01	+1.000263E-03	+1.049300E+00	+7.963624E-02	+8.238667E-01	+1.500817E-03	+1.050043E+00	+9.091450E-02	+8.296715E-01	+2.000345E-03
+1.099403E+00	+9.763273E-06	+5.512258E-01	-3.294710E-07	+1.100109E+00	+5.000010E-02	+8.040595E-01	+4.998701E-04	+1.099504E+00	+6.720617E-02	+8.155711E-01	+9.999549E-04	+1.099139E+00	+8.031955E-02	+8.238649E-01	+1.499892E-03	+1.099682E+00	+9.157098E-02	+8.297656E-01	+1.999837E-03
+1.144390E+00	+8.240784E-06	+5.519489E-01	-3.796365E-07	+1.150052E+00	+5.068427E-02	+8.037885E-01	+4.992929E-04	+1.148970E+00	+6.790271E-02	+8.155125E-01	+9.996180E-04	+1.149532E+00	+8.100269E-02	+8.240045E-01	+1.500529E-03	+1.149793E+00	+9.221971E-02	+8.299078E-01	+2.000883E-03
+1.195947E+00	+8.305606E-06	+5.513030E-01	-6.305260E-07	+1.200014E+00	+5.135272E-02	+8.038144E-01	+5.005008E-04	+1.199703E+00	+6.860315E-02	+8.155494E-01	+1.000041E-03	+1.198862E+00	+8.166326E-02	+8.239234E-01	+1.500072E-03	+1.199274E+00	+9.286344E-02	+8.300201E-01	+2.000497E-03
+1.247553E+00	+9.005108E-06	+5.514750E-01	-5.803888E-07	+1.248104E+00	+5.200076E-02	+8.033468E-01	+4.994437E-04	+1.249614E+00	+6.928347E-02	+8.155284E-01	+9.997756E-04	+1.249587E+00	+8.232359E-02	+8.240290E-01	+1.500989E-03	+1.249350E+00	+9.349388E-02	+8.297451E-01	+2.000561E-03
+1.296757E+00	+9.668076E-06	+5.513620E-01	+7.202077E-08	+1.299432E+00	+5.264652E-02	+8.034487E-01	+5.013825E-04	+1.299910E+00	+6.995323E-02	+8.157834E-01	+1.000743E-03	+1.299607E+00	+8.297586E-02	+8.238515E-01	+1.499950E-03	+1.299919E+00	+9.412649E-02	+8.297618E-01	+2.000646E-03
+1.350488E+00	+8.018578E-06	+5.516664E-01	+2.185671E-08	+1.349509E+00	+5.328299E-02	+8.030974E-01	+5.004040E-04	+1.349106E+00	+7.061090E-02	+8.155116E-01	+9.998543E-04	+1.349720E+00	+8.361598E-02	+8.239192E-01	+1.500283E-03	+1.349480E+00	+9.474012E-02	+8.295032E-01	+1.999838E-03
+1.395015E+00	+8.283619E-06	+5.516728E-01	-6.306478E-07	+1.399522E+00	+5.390022E-02	+8.028435E-01	+5.008162E-04	+1.398706E+00	+7.125339E-02	+8.151739E-01	+1.000299E-03	+1.400358E+00	+8.424824E-02	+8.237344E-01	+1.500043E-03	+1.399622E+00	+9.535009E-02	+8.294972E-01	+2.001693E-03
+1.446629E+00	+9.377914E-06	+5.526709E-01	+9.753423E-07	+1.449160E+00	+5.449860E-02	+8.024907E-01	+5.004076E-04	+1.450192E+00	+7.190763E-02	+8.149858E-01	+9.992239E-04	+1.448958E+00	+8.485560E-02	+8.235697E-01	+1.500154E-03	+1.449716E+00	+9.594660E-02	+8.294040E-01	+2.000704E-03
+1.497559E+00	+9.470336E-06	+5.521888E-01	+2.225861E-07	+1.500355E+00	+5.510042E-02	+8.025050E-01	+5.001778E-04	+1.500456E+00	+7.252998E-02	+8.151011E-01	+1.000255E-03	+1.499920E+00	+8.547597E-02	+8.229871E-01	+1.499574E-03	+1.499527E+00	+9.653590E-02	+8.291728E-01	+2.001464E-03
+1.554033E+00	+9.094822E-06	+5.520371E-01	-4.800169E-07	+1.549956E+00	+5.567494E-02	+8.020247E-01	+4.999847E-04	+1.549642E+00	+7.314128E-02	+8.149512E-01	+1.000406E-03	+1.549351E+00	+8.607702E-02	+8.227874E-01	+1.499448E-03	+1.549688E+00	+9.711217E-02	+8.288732E-01	+1.999795E-03
+1.597338E+00	+8.664509E-06	+5.516359E-01	+7.200357E-08	+1.599735E+00	+5.624513E-02	+8.016130E-01	+5.004362E-04	+1.599151E+00	+7.374131E-02	+8.145316E-01	+9.997824E-04	+1.599623E+00	+8.666833E-02	+8.225898E-01	+1.499463E-03	+1.600015E+00	+9.769008E-02	+8.287051E-01	+2.000597E-03
+1.650817E+00	+9.716001E-06	+5.495756E-01	-1.287204E-07	+1.648760E+00	+5.679755E-02	+8.013119E-01	+5.004614E-04	+1.649785E+00	+7.434027E-02	+8.143904E-01	+1.000234E-03	+1.649548E+00	+8.724912E-02	+8.226662E-01	+1.500355E-03	+1.649447E+00	+9.825106E-02	+8.285103E-01	+2.000611E-03
+1.699277E+00	+9.630132E-06	+5.505100E-01	+3.731201E-07	+1.699463E+00	+5.734860E-02	+8.008615E-01	+5.001172E-04	+1.699741E+00	+7.492324E-02	+8.142960E-01	+1.000327E-03	+1.700043E+00	+8.782300E-02	+8.224578E-01	+1.500172E-03	+1.700572E+00	+9.881318E-02	+8.281914E-01	+2.000217E-03
+1.754205E+00	+9.401477E-06	+5.518628E-01	+7.200465E-08	+1.748699E+00	+5.787390E-02	+8.006434E-01	+5.003572E-04	+1.750361E+00	+7.549930E-02	+8.138384E-01	+1.000084E-03	+1.748887E+00	+8.838440E-02	+8.217626E-01	+1.499373E-03	+1.750034E+00	+9.935483E-02	+8.277526E-01	+2.000304E-03
+1.805090E+00	+9.443163E-06	+5.519844E-01	+9.753370E-07	+1.799710E+00	+5.841019E-02	+8.002651E-01	+5.002965E-04	+1.799393E+00	+7.605850E-02	+8.136302E-01	+1.000313E-03	+1.799493E+00	+8.893673E-02	+8.217864E-01	+1.500275E-03	+1.800150E+00	+9.989476E-02	+8.274509E-01	+2.000225E-03
+1.849118E+00	+9.968141E-06	+5.509186E-01	+7.202401E-08	+1.848588E+00	+5.891794E-02	+7.995096E-01	+4.994042E-04	+1.850293E+00	+7.661818E-02	+8.131959E-01	+1.000134E-03	+1.849622E+00	+8.948125E-02	+8.215220E-01	+1.500283E-03	+1.849864E+00	+1.004216E-01	+8.271829E-01	+2.000403E-03
+1.900774E+00	+9.603995E-06	+5.515857E-01	+3.731234E-07	+1.899524E+00	+5.942424E-02	+7.991154E-01	+4.994401E-04	+1.898998E+00	+7.714970E-02	+8.127934E-01	+9.994819E-04	+1.899322E+00	+9.002048E-02	+8.210434E-01	+1.500398E-03	+1.899712E+00	+1.009388E-01	+8.267323E-01	+2.000160E-03
+1.955415E+00	+9.996270E-06	+5.524848E-01	-4.800119E-07	+1.948879E+00	+5.991582E-02	+7.989141E-01	+4.997157E-04	+1.949853E+00	+7.769788E-02	+8.123348E-01	+9.998116E-04	+1.949380E+00	+9.055120E-02	+8.207807E-01	+1.500276E-03	+1.949568E+00	+1.014562E-01	+8.261773E-01	+1.999279E-03
+1.996994E+00	+1.013555E-05	+5.516151E-01	-1.789157E-07	+1.999326E+00	+6.040795E-02	+7.985630E-01	+5.004937E-04	+1.999312E+00	+7.821643E-02	+8.121492E-01	+1.001008E-03	+1.999657E+00	+9.107050E-02	+8.200345E-01	+1.499380E-03	+2.000277E+00	+1.019632E-01	+8.260367E-01	+2.000525E-03
+2.046678E+00	+8.890078E-06	+5.511191E-01	+2.225861E-07	+2.049662E+00	+6.088557E-02	+7.977922E-01	+4.990209E-04	+2.049516E+00	+7.873146E-02	+8.116901E-01	+1.000184E-03	+2.050280E+00	+9.157863E-02	+8.198279E-01	+1.500072E-03	+2.049690E+00	+1.024578E-01	+8.254055E-01	+2.000684E-03
+2.101347E+00	+9.205303E-06	+5.505903E-01	-1.286953E-07	+2.098913E+00	+6.135040E-02	+7.976809E-01	+5.000993E-04	+2.100283E+00	+7.924120E-02	+8.113759E-01	+1.000105E-03	+2.099069E+00	+9.207547E-02	+8.192741E-01	+1.499799E-03	+2.099562E+00	+1.029462E-01	+8.248240E-01	+2.000361E-03
+2.150861E+00	+1.031922E-05	+5.508692E-01	-3.294355E-07	+2.149782E+00	+6.180773E-02	+7.972537E-01	+5.001961E-04	+2.149232E+00	+7.973841E-02	+8.108411E-01	+1.000628E-03	+2.149232E+00	+9.256845E-02	+8.188809E-01	+1.500308E-03	+2.150054E+00	+1.034232E-01	+8.247733E-01	+2.001048E-03
+2.202158E+00	+1.005502E-05	+5.525340E-01	+2.225861E-07	+2.199568E+00	+6.226186E-02	+7.967448E-01	+5.005367E-04	+2.199606E+00	+8.022610E-02	+8.104036E-01	+1.000019E-03	+2.199282E+00	+9.306078E-02	+8.184510E-01	+1.499950E-03	+2.199770E+00	+1.038997E-01	+8.242166E-01	+2.000589E-03
+2.247369E+00	+8.007942E-06	+5.510193E-01	-5.803831E-07	+2.249019E+00	+6.269694E-02	+7.965510E-01	+5.001961E-04	+2.249232E+00	+8.071197E-02	+8.100150E-01	+1.000098E-03	+2.249422E+00	+9.353285E-02	+8.181875E-01	+1.500082E-03	+2.249640E+00	+1.043634E-01	+8.239459E-01	+2.001012E-03
+2.300634E+00	+8.236032E-06	+5.516987E-01	-9.315913E-07	+2.299206E+00	+6.312887E-02	+7.959370E-01	+5.005151E-04	+2.299441E+00	+8.118173E-02	+8.096107E-01	+1.000270E-03	+2.299475E+00	+9.400050E-02	+8.176635E-01	+1.501221E-03	+2.299626E+00	+1.048232E-01	+8.231816E-01	+2.000439E-03
+2.349023E+00	+1.008359E-05	+5.519650E-01	+8.750540E-07	+2.349426E+00	+6.356120E-02	+7.955040E-01	+5.004076E-04	+2.349443E+00	+8.165242E-02	+8.091356E-01	+1.000277E-03	+2.349846E+00	+9.447339E-02	+8.172134E-01	+1.500490E-03	+2.349476E+00	+1.050325E-01	+8.224982E-01	+2.000410E-03
+2.401313E+00	+1.042616E-05	+5.511369E-01	+1.427022E-06	+2.399209E+00	+6.397398E-02	+7.948003E-01	+4.997231E-04	+2.399192E+00	+8.209867E-02	+8.083758E-01	+9.995176E-04	+2.399479E+00	+9.491921E-02	+8.165011E-01	+1.500133E-03	+2.399462E+00	+1.056864E-01	+8.219619E-01	+2.000805E-03
+2.448202E+00	+8.206795E-06	+5.510433E-01	-1.032062E-06	+2.449329E+00	+6.438465E-02	+7.947009E-01	+5.003574E-04	+2.450481E+00	+8.256768E-02	+8.080779E-01	+1.000800E-03	+2.450056E+00	+9.537096E-02	+8.162148E-01	+1.500347E-03	+2.449083E+00	+1.059939E-01	+8.213177E-01	+2.000375E-03
+2.503103E+00	+8.510652E-06	+5.512655E-01	+1.176077E-06	+2.499111E+00	+6.478734E-02	+7.940803E-01	+5.003715E-04	+2.501075E+00	+8.300506E-02	+8.075257E-01	+1.000148E-03	+2.500493E+00	+9.580164E-02	+8.154563E-01	+1.500540E-03	+2.498388E+00	+1.062373E-01	+8.206184E-01	+1.999608E-03
+2.547371E+00	+9.785624E-06	+5.519192E-01	-8.312658E-07	+2.548590E+00	+6.518046E-02	+7.931473E-01	+4.998629E-04	+2.549552E+00	+8.343387E-02	+8.066778E-01	+9.991523E-04	+2.550240E+00	+9.623348E-02	+8.147803E-01	+1.500143E-03	+2.550138E+00	+1.069522E-01	+8.199583E-01	+1.999214E-03
+2.550212E+00	+1.031982E-05	+5.531229E-01	-7.853592E-08	+2.599995E+00	+6.557386E-02	+7.928770E-01	+5.005976E-04	+2.599976E+00	+8.386031E-02	+8.064903E-01	+1.000385E-03	+2.599591E+00	+9.665181E-02	+8.141622E-01	+1.499932E-03	+2.599170E+00	+1.073985E-01	+8.197191E-01	+2.000418E-03
+2.651548E+00	+8.796195E-06	+5.518159E-01	+2.183521E-08	+2.649998E+00	+6.595635E-02	+7.920895E-01	+4.993398E-04	+2.649563E+00	+8.427851E-02	+8.056770E-01	+9.999332E-04	+2.649494E+00	+9.707312E-02	+8.138769E-01	+1.500143E-03	+2.649229E+00	+1.077533E-01	+8.191753E-01	+2.001033E-03
+2.697543E+00	+8.844895E-06	+5.512986E-01	-5.301814E-07	+2.699540E+00	+6.632837E-02	+7.917572E-01	+5.002427E-04	+2.698512E+00	+8.468447E-02	+8.053344E-01	+1.000119E-03	+2.699598E+00	+9.747729E-02	+8.129561E-01	+1.500362E-03	+2.698373E+00	+1.081500E-01	+8.182746E-01	+2.000798E-03
+2.749541E+00	+1.017585E-05	+5.542089E-01	+2.727691E-07	+2.748615E+00	+6.669225E-02	+7.912578E-01	+5.002571E-04	+2.749844E+00	+8.509780E-02	+8.047682E-01	+1.000628E-03	+2.750183E+00	+9.789333E-02	+8.123801E-01	+1.500297E-03	+2.748934E+00	+1.085590E-01	+8.178199E-01	+2.000732E-03
+2.799622E+00	+1.090165E-05	+5.561442E-01	+1.025526E-06	+2.799705E+00	+6.706014E-02	+7.905695E-01	+5.001029E-04	+2.800308E+00	+8.550080E-02	+8.042044E-01	+9.999117E-04	+2.799262E+00	+9.827366E-02	+8.115944E-01	+1.499777E-03	+2.798737E+00	+1.090083E-01	+8.168826E-01	+1.999751E-03
+2.849303E+00	+1.050681E-05	+5.545171E-01	+1.723919E-07	+2.850334E+00	+6.742716E-02	+7.901447E-01	+5.005723E-04	+2.849848E+00	+8.588850E-02	+8.034386E-01	+1.000184E-03	+2.849767E+00	+9.866925E-02	+8.108952E-01	+1.499566E-03	+2.849041E+00	+1.090587E-01	+8.164768E-01	+2.001371E-03
+2.899932E+00	+1.081519E-05	+5.555528E-01	+3.229701E-07	+2.898293E+00	+6.776324E-02	+7.896560E-01	+5.002033E-04	+2.899992E+00	+8.627322E-02	+8.030428E-01	+1.000391E-03	+2.899630E+00	+9.905336E-02	+8.103288E-01	+1.499778E-03	+2.899247E+00	+1.096669E-01	+8.156145E-01	+1.999845E-03
+2.950381E+00	+1.064248E-05	+5.554707E-01	-8.312055E-07	+2.949788E+00	+6.811188E-02	+7.888629E-01	+5.012070E-04	+2.950498E+00	+8.665976E-02	+8.022111E-01	+1.000256E-03	+2.950217E+00	+9.943113E-02	+8.097789E-01	+1.500351E-03	+2.949066E+00	+1.101170E-01	+8.150791E-01	+2.000883E-03
+2.999450E+00	+1.123268E-05	+5.568441E-01	+2.225861E-07	+2.999471E+00	+6.845096E-02	+7.883280E-01	+5.006085E-04	+2.999508E+00	+8.702516E-02	+8.016705E-01	+1.000270E-03	+2.999975E+00	+9.979758E-02	+8.089998E-01	+1.500064E-03	+2.998543E+00	+1.102169E-01	+8.143414E-01	+2.000074E-03
+3.050454E+00	+9.346571E-06	+5.516524E-01	+7.746428E-07	+3.050359E+00	+6.878661E-02	+7.877700E-01	+5.002104E-04	+3.050411E+00	+8.740067E-02	+8.008789E-01	+1.000033E-03	+3.050187E+00	+1.001675E-01	+8.085022E-01	+1.500104E-03	+3.049986E+00	+1.108259E-01	+8.135081E-01	+2.000225E-03
+3.098222E+00	+8.502268E-06	+5.512760E-01	-8.313410E-07	+3.099756E+00	+6.911670E-02	+7.872010E-01	+5.003001E-04	+3.099913E+00	+8.774932E-02	+8.004956E-01	+1.000219E-03	+3.099542E+00	+1.005169E-01	+8.073348E-01	+1.499057E-03	+3.099038E+00	+1.111264E-01	+8.128359E-01	+2.000897E-03
+3.151393E+00	+8.918220E-06	+5.517312E-01	+1.222078E-07	+3.150419E+00	+6.944370E-02	+7.864835E-01	+4.998701E-04	+3.150319E+00	+8.811681E-02	+7.994251E-01	+9.994961E-04	+3.149938E+00	+1.008786E-01	+8.069549E-01	+1.500082E-03	+3.149153E+00	+1.116772E-01	+8.120241E-01	+2.000303E-03
+3.199517E+00	+8.888917E-06	+5.520772E-01	+3.229679E-07	+3.199119E+00	+6.975120E-02	+7.861814E-01	+5.005364E-04	+3.200131E+00	+8.846152E-02	+7.989113E-01	+1.000033E-03	+3.199077E+00	+1.012132E-01	+8.061446E-01	+1.499900E-03	+3.199998E+00	+1.116820E-01	+8.110373E-01	+2.000447E-03
+3.247885E+00	+8.808437E-06	+5.521091E-01	-2.839911E-08	+3.250312E+00	+7.007468E-02	+7.854242E-01	+4.999990E-04	+3.250234E+00	+8.880825E-02	+7.981080E-01	+9.995314E-04	+3.249847E+00	+1.015545E-01	+8.055495E-01	+1.500484E-03	+3.249986E+00	+1.121815E-01	+8.104361E-01	+2.000596E-03
+3.297492E+00	+9.046023E-06	+5.511856E-01	-4.800320E-07	+3.298947E+00	+7.037809E-02	+7.848332E-01	+5.002571E-04	+3.299011E+00	+8.913666E-02	+7.976251E-01	+1.000119E-03	+3.299390E+00	+1.018856E-01	+8.046778E-01	+1.500906E-03	+3.299757E+00	+1.126875E-01	+8.097744E-01	+2.001479E-03
+3.349136E+00	+8.775693E-06	+5.517514E-01	-2.835969E-08	+3.349688E+00	+7.068799E-02	+7.842168E-01	+5.010777E-04	+3.349641E+00	+8.947594E-02	+7.969115E-01	+1.000621E-03	+3.350567E+00	+1.022258E-01	+8.038660E-01	+1.500075E-03	+3.349131E+00	+1.125860E-01	+8.090114E-01	+2.000826E-03
+3.401231E+00	+9.141137E-06	+5.511813E-01	+1.025520E-06	+3.400239E+00	+7.098635E-02	+7.835296E-01	+5.002281E-04	+3.399687E+00	+8.980383E-02	+7.960721E-01	+1.000600E-03	+3.399788E+00	+1.025491E-01	+8.029210E-01	+1.499828E-03	+3.399663E+00	+1.131911E-01	+8.082134E-01	+2.000811E-03
+3.449973E+00	+9.556216E-06	+5.533535E-01	+1.222085E-07	+3.450325E+00	+7.127408E-02	+7.824394E-01	+4.995440E-04	+3.450347E+00	+9.012961E-02	+7.953107E-01	+1.000414E-03	+3.449919E+00	+1.028679E-01	+8.024175E-01	+1.500608E-03	+3.449661E+00	+1.133990E-01	+8.071730E-01	+2.001300E-03
+3.498536E+00	+1.079666E-05	+5.547674E-01	-1.789013E-07	+3.499218E+00	+7.155575E-02	+7.820246E-01	+5.000887E-04	+3.498915E+00	+9.043474E-02	+7.945756E-01	+1.000098E-03	+3.499695E+00	+1.031725E-01	+8.015757E-01	+1.499727E-03	+3.499418E+00	+1.138441E-01	+8.064243E-01	+2.000733E-03
+3.550202E+00	+1.097000E-05	+5.548091E-01	-2.835790E-08	+3.550632E+00	+7.185727E-02	+7.814849E-01	+5.004181E-04	+3.549723E+00	+9.075948E-02	+7.936504E-01	+1.000019E-03	+3.549344E+00	+1.034875E-01	+8.006822E-01	+1.499702E-03	+3.549269E+00	+1.145003E-01	+8.056001E-01	+2.000704E-03
+3.600986E+00	+1.047952E-05	+5.522887E-01	-2.832564E-08	+3.599523E+00	+7.212427E-02	+7.807207E-01	+5.004972E-04	+3.600330E+00	+9.106179E-02	+7.929128E-01	+9.990226E-04	+3.600102E+00	+1.037874E-01	+7.999123E-01	+1.501000E-03	+3.598867E+00	+1.142453E-01	+8.045356E-01	+1.999752E-03
+3.650609E+00	+9.360651E-06	+5.520726E-01	+2.182948E-08	+3.649956E+00	+7.240599E-02	+7.798954E-01	+5.002140E-04	+3.650362E+00	+9.137447E-02	+7.920043E-01	+9.992166E-04	+3.650228E+00	+1.040880E-01	+7.989376E-01	+1.499323E-03	+3.649071E+00	+1.145978E-01	+8.038445E-01	+2.000683E-03
+3.700913E+00	+9.857798E-06	+5.515338E-01	-7.851227E-08	+3.698559E+00	+7.266284E-02	+7.791492E-01	+5.001926E-04	+3.699884E+00	+9.165926E-02	+7.916034E-01	+1.001137E-03	+3.700085E+00	+1.043782E-01	+7.979411E-01	+1.498979E-03	+3.699582E+00	+1.150039E-01	+8.029654E-01	+2.001371E-03
+3.748671E+00	+9.567715E-06	+5.520446E-01	+8.247868E-07	+3.750848E+00	+7.294527E-02	+7.787253E-01	+5.011639E-04	+3.749673E+00	+9.194782E-02	+7.908192E-01	+1.000119E-03	+3.750613E+00	+1.046728E-01	+7.972295E-01	+1.500079E-03	+3.749766E+00	+1.155603E-01	+8.019401E-01	+2.000640E-03
+3.800286E+00	+9.734441E-06	+5.505725E-01	+2.182374E-08	+3.799177E+00	+7.319714E-02	+7.781081E-01	+5.004288E-04	+3.799863E+00	+9.223866E-02	+7.900230E-01	+1.000442E-03	+3.799964E+00	+1.049530E-01	+7.966672E-01	+1.500606E-03	+3.799627E+00	+1.154522E-01	+8.012187E-01	+2.000669E-03
+3.844000E+00	+9.770612E-06	+5.533614E-01	+1.276460E-06	+3.850086E+00	+7.346827E-02	+7.770814E-01	+5.006442E-04	+3.849499E+00	+9.253124E-02	+7.889577E-01	+9.993740E-04	+3.849857E+00	+1.052813E-01	+7.954551E-01	+1.499444E-03	+3.849225E+00	+1.156032E-01	+8.001047E-01	+2.000418E-03
+3.899747E+00	+1.061241E-05	+5.561956E-01	+1.723908E-07	+3.900182E+00	+7.372392E-02	+7.763385E-01	+5.000922E-04	+3.898666E+00	+9.279292E-02	+7.883241E-01	+1.000464E-03	+3.899695E+00	+1.053858E-01	+7.948114E-01	+1.500175E-03	+3.899420E+00	+1.161629E-01	+7.992698E-01	+1.999937E-03
+3.949251E+00	+1.009968E-05	+5.546207E-01	-1.789042E-07	+3.949445E+00	+7.397058E-02	+7.756097E-01	+5.002031E-04	+3.950331E+00	+9.308463E-02	+7.874677E-01	+1.000234E-03	+3.948868E+00	+1.056819E-01	+7.940427E-01	+1.500265E-03	+3.948610E+00	+1.157510E-01	+7.984197E-01	+1.999795E-03
+3.996950E+00	+8.670532E-06	+5.536705E-01	-2.793162E-07	+4.000018E+00	+7.422791E-02	+7.748429E-01	+5.007446E-04	+3.999473E+00	+9.334422E-02	+7.867417E-01	+1.001159E-03	+3.999011E+00	+1.058367E-01	+7.929586E-01	+1.500215E-03	+3.999184E+00	+1.167127E-01	+7.974748E-01	+1.999866E-03
+4.048582E+00	+9.539093E-06	+5.514703E-01	+2.225861E-07	+4.049287E+00	+7.446859E-02	+7.740133E-01	+5.001819E-04	+4.049950E+00	+9.362035E-02	+7.858704E-01	+1.000621E-03	+4.049618E+00	+1.063403E-01	+7.921223E-01	+1.500147E-03	+4.049575E+00	+1.171181E-01	+7.962720E-01	+1.999695E-03
+4.096560E+00	+9.828832E-06	+5.530542E-01	+2.727709E-07	+4.099205E+00	+7.471263E-02	+7.734612E-01	+5.007841E-04	+4.099994E+00	+9.387905E-02	+7.850986E-01	+1.000234E-03	+4.100170E+00	+1.064448E-01	+7.912715E-01	+1.499717E-03	+4.099725E+00	+1.171222E-01	+7.954084E-01	+1.999694E-03
+4.151354E+00	+9.790156E-06	+5.560459E-01	-2.835432E-08	+4.150328E+00	+7.494838E-02	+7.723539E-01	+4.992572E-04	+4.149837E+00	+9.413673E-02	+7.842643E-01	+1.000220E-03	+4.149724E+00	+1.065417E-01	+7.901504E-01	+1.499534E-03	+4.149528E+00	+1.172733E-01	+7.944639E-01	+1.999794E-03
+4.199565E+00	+1.019845E-05	+5.547309E-01	+4.735013E-07	+4.199856E+00	+7.518426E-02	+7.717968E-01	+5.001460E-04	+4.200017E+00	+9.439526E-02	+7.834166E-01	+1.000177E-03	+4.199352E+00	+1.070964E-01	+7.893247E-01	+1.500064E-03	+4.200006E+00	+1.178264E-01	+7.937790E-01	+2.000768E-03
+4.248448E+00	+1.016743E-05	+5.555627E-01	-1.132366E-06	+4.249466E+00	+7.541497E-02	+7.708361E-01	+4.994647E-04	+4.250112E+00	+9.464726E-02	+7.823346E-01	+9.993241E-04	+4.249486E+00	+1.070971E-01	+7.885885E-01	+1.500418E-03	+4.250212E+00	+1.175746E-01	+7.927147E-01	+2.001493E-03
+4.299800E+00	+1.072417E-05	+5.543217E-01	-5.803831E-07	+4.299954E+00	+7.564548E-02	+7.701221E-01	+4.996192E-04	+4.300295E+00	+9.488545E-02	+7.816130E-01	+1.001159E-03	+4.298792E+00	+1.073970E-01	+7.874444E-01	+1.499645E-03	+4.299226E+00	+1.179724E-01	+7.916869E-01	+2.000253E-03
+4.348569E+00	+1.101263E-05	+5.537478E-01	+1.221935E-07	+4.350353E+00	+7.587793E-02	+7.693045E-01	+4.995224E-04	+4.350089E+00	+9.513442E-02	+7.807620E-01	+1.000184E-03	+4.349484E+00	+1.075527E-01	+7.866979E-01	+1.499932E-03	+4.350167E+00	+1.183258E-01	+7.905180E-01	+1.999515E-03
+4.399930E+00	+1.004510E-05	+5.587316E-01	+9.252439E-07	+4.399332E+00	+7.609638E-02	+7.686859E-01	+5.002535E-04	+4.398746E+00	+9.535621E-02	+7.800448E-01	+1.001072E-03	+4.399621E+00	+1.081074E-01	+7.857000E-01	+1.500039E-03	+4.399067E+00	+1.184743E-01	+7.898611E-01	+2.000533E-03
+4.451471E+00	+1.047770E-05	+5.523257E-01	+2.183234E-08	+4.450575E+00	+7.631513E-02	+7.678007E-01	+5.006799E-04	+4.449408E+00	+9.559444E-02	+7.791579E-01	+1.000592E-03	+4.449699E+00	+1.082553E-01	+7.845864E-01	+1.499566E-03	+4.449731E+00	+1.189317E-01	+7.887918E-01	+2.000976E-03
+4.499565E+00	+1.047757E-05	+5.520131E-01	+4.233082E-07	+4.499904E+00	+7.653439E-02	+7.670123E-01	+5.005367E-04	+4.501403E+00	+9.583602E-02	+7.779292E-01	+9.999407E-04	+4.499207E+00	+1.085025E-01	+7.836688E-01	+1.500276E-03	+4.499496E+00	+1.189334E-01	+7.877210E-01	+2.000755E-03
+4.551383E+00	+9.356469E-06	+5.520066E-01	+6.240475E-07	+4.550086E+00	+7.674662E-02	+7.663451E-01	+5.011208E-04	+4.549611E+00	+9.605202E-02	+7.771651E-01	+1.000091E-03	+4.549741E+00	+1.085056E-01	+7.829571E-01	+1.500297E-03	+4.548740E+00	+1.187730E-01	+7.866646E-01	+2.000196E-03
+4.599537E+00	+1.068338E-05	+5.549086E-01	-9.817472E-07	+4.599842E+00	+7.696028E-02	+7.651899E-01	+4.990277E-04	+4.600010E+00	+9.627738E-02	+7.759017E-01	+9.988367E-04	+4.600173E+00	+1.091176E-01	+7.815093E-01	+1.499355E-03	+4.599239E+00	+1.191810E-01	+7.858760E-01	+2.000432E-03
+4.651089E+00	+1.157101E-05	+5.594626E-01	+7.200465E-08	+4.649879E+00	+7.717134E-02	+7.647225E-01	+5.003180E-04	+4.649814E+00	+9.649347E-02	+7.752230E-01	+1.000062E-03	+4.649677E+00	+1.089619E-01	+7.809728E-01	+1.500655E-03	+4.648337E+00	+1.194276E-01	+7.845577E-01	+2.000726E-03
+4.699614E+00	+1.149323E-05	+5.586920E-01	+7.244129E-07	+4.700151E+00	+7.737237E-02	+7.638575E-01	+5.003539E-04	+4.699983E+00	+9.671260E-02	+7.742054E-01	+9.995392E-04	+4.699311E+00	+1.092625E-01	+7.798831E-01	+1.500806E-03	+4.699412E+00	+1.196862E-01	+7.837125E-01	+2.000524E-03
+4.750424E+00	+1.051950E-05	+5.567457E-01	-2.839374E-08	+4.750019E+00	+7.758009E-02	+7.627581E-01	+4.999096E-04	+4.750359E+00	+9.693591E-02	+7.734677E-01	+9.999117E-04	+4.749954E+00	+1.095174E-01	+7.788333E-01	+1.500185E-03	+4.749482E+00	+1.199372E-01	+7.823636E-01	+1.999981E-03
+4.800629E+00	+1.074781E-05	+5.558449E-01	+1.176098E-06	+4.799587E+00	+7.777725E-02	+7.622421E-01	+5.006621E-04	+4.800189E+00	+9.713038E-02	+7.722912E-01	+9.996322E-04	+4.799081E+00	+1.092617E-01	+7.777525E-01	+1.500053E-03	+4.798369E+00	+1.201812E-01	+7.816332E-01	+2.000696E-03
+4.849622E+00	+1.163157E-05	+5.570456E-01	+7.201756E-08	+4.849584E+00	+7.797600E-02	+7.609518E-01	+5.000710E-04	+4.849890E+00	+9.734254E-02	+7.712589E-01	+9.990805E-04	+4.849216E+00	+1.097637E-01	+7.768481E-01	+1.500588E-03	+4.849893E+00	+1.204937E-01	+7.804040E-01	+2.000432E-03
+4.899252E+00	+1.170347E-05	+5.575590E-01	+7.244953E-07	+4.899148E+00	+7.816845E-02	+7.604457E-01	+4.999203E-04	+4.899753E+00	+9.753782E-02	+7.703613E-01	+9.997181E-04	+4.898779E+00	+1.098636E-01	+7.756048E-01	+1.500011E-03	+4.899354E+00	+1.206916E-01	+7.795920E-01	+2.000633E-03
+4.949527E+00	+1.035952E-05	+5.584108E-01	+2.182803E-08	+4.949456E+00	+7.836465E-02	+7.596267E-01	+5.004076E-04	+4.949658E+00	+9.774652E-02	+7.694168E-01	+9.989510E-04	+4.949391E+00	+1.101681E-01	+7.745407E-01	+1.499961E-03	+4.949214E+00	+1.205875E-01	+7.782424E-01	+2.000597E-03
+5.000509E+00	+1.053253E-05	+5.591878E-01	+6.742495E-07	+4.999927E+00	+7.855207E-02	+7.588275E-01	+5.002965E-04	+5.000343E+00	+9.794353E-02	+7.688012E-01	+1.000736E-03	+4.999328E+00	+1.105717E-01	+7.737875E-01	+1.500422E-03	+5.000366E+00	+1.211448E-01	+7.771974E-01	+2.000368E-03

